{"area_1:conferenceRoom_1": {"R": [[0.9999992134321438, -0.000267042762050885, 0.0012254889868627856], [0.0002668076045509401, 0.9999999459655974, 0.0001920481826089676], [-0.001225540205721351, -0.00019172106176905193, 0.9999992306468234]], "t": [17.919566142889394, -39.029569956082554, -1.6328878696616695], "s": [5.193860104064386, 4.416908389958804, 3.1099719735538613]}, "area_1:copyRoom_1": {"R": [[0.9999781054187119, 0.0011307228643947875, -0.006519980752076487], [-0.001141149283732786, 0.999998075837168, -0.0015956504233297212], [0.00651816396815462, 0.0016030557585970037, 0.9999774716215956]], "t": [11.417073819312971, -10.688726336170568, -1.216304148313908], "s": [3.5728707104550432, 2.679704966139919, 2.564862152161216]}, "area_1:hallway_2": {"R": [[0.999995172069363, -0.003011826747931119, 0.0007646813753141072], [0.003011474109198814, 0.9999953588293822, 0.00046189109610038874], [-0.0007660689622552426, -0.0004595860479586699, 0.9999996009594252]], "t": [9.592633143333305, -5.137787479285295, -1.296604541866947], "s": [6.887765492100474, 1.5600229786419253, 2.577773533932194]}, "area_1:hallway_5": {"R": [[0.999950038763517, 0.0004910738703381681, -0.00998392824967433], [-0.0005246807472113271, 0.9999942049075343, -0.0033637570456148914], [0.009982218538695683, 0.0033688273630878072, 0.9999445016175864]], "t": [14.683407021664285, -43.365536081827415, -1.5215306270966997], "s": [2.1262334042744486, 4.050863522444855, 3.0217345296635205]}, "area_1:office_1": {"R": [[0.9999647979585669, -0.0007790361581355947, 0.008354396827236304], [0.0007429258607468484, 0.9999903731471762, 0.004324543228716955], [-0.008357685376230205, -0.004318184298513143, 0.9999557502107361]], "t": [18.158703535199404, -35.18899139518783, -1.6539669175580891], "s": [5.566180039498821, 2.9218594819609414, 3.1235581834526798]}, "area_1:office_10": {"R": [[0.9999879214165152, -0.0026170293450841777, 0.004160309902462812], [0.0026123306942617327, 0.9999959443874931, 0.0011344324174237888], [-0.004163261872784351, -0.0011235506098312821, 0.9999907023990802]], "t": [18.117284300923263, -7.687772851117567, -1.6123192779920277], "s": [5.574854542287299, 2.9181414626400053, 3.1305549183142336]}, "area_1:office_11": {"R": [[0.9999761108015075, 0.002236243321477296, 0.006540416049326803], [-0.0022511139709043048, 0.9999948961825309, 0.0022671777123084744], [-0.0065353127072193635, -0.0022818467731942535, 0.999976041144548]], "t": [18.06886492403492, -4.720249403856732, -1.642076171222602], "s": [5.579745672186439, 2.9068990020715173, 3.120864546526259]}, "area_1:office_12": {"R": [[0.9999891573050231, -0.0007229120201457546, 0.004600290273531091], [0.0007031046035254418, 0.9999904826045048, 0.004305850011994437], [-0.004603359241479781, -0.004302568839707268, 0.9999801482954916]], "t": [19.284765417579916, -0.5709181883260129, -1.607852227522575], "s": [3.1827498077899863, 5.024395596110975, 3.1167285427828175]}, "area_1:office_13": {"R": [[0.9999861497723816, -0.005202795885950432, 0.0007944673542405415], [0.005190718354419987, 0.9998811864460286, 0.014514456043799206], [-0.0008698887129421568, -0.014510131159001599, 0.9998943441121045]], "t": [15.767775660458215, 0.23011955697512795, -1.520120870501834], "s": [3.5839449097748504, 3.5925955706032027, 3.1247115376112675]}, "area_1:office_14": {"R": [[0.9999729159620003, 0.006557239489906359, -0.003342147921052643], [-0.006534903268359817, 0.9999565295869538, 0.006650862777766218], [0.0033856139365503707, -0.006628842032173386, 0.9999722976520824]], "t": [12.341336593000104, -0.749162677059956, -1.4874585345867015], "s": [2.1529608683930284, 5.402451993107249, 3.1175775421384784]}, "area_1:office_15": {"R": [[0.9999794228546627, 0.002813283815911501, 0.005765353538759341], [-0.002838746743527972, 0.99998623281265, 0.0044131283791124885], [-0.005752858783410537, -0.00442940394811188, 0.9999736421508731]], "t": [7.766632233194248, -10.699348373858696, -1.291475522298132], "s": [3.40123199612333, 2.695353223207231, 2.5673313614076942]}, "area_1:office_17": {"R": [[0.9999695654229519, -0.007789317373463837, -0.00044131925867673316], [0.007789321908030711, 0.9999696627353194, 8.557142878327248e-06], [0.0004412392159558847, -1.1994460215349557e-05, 0.9999999025820389]], "t": [1.2915613438967875, -38.27429718431469, -1.5273847027884304], "s": [5.5810980905568535, 2.927510924124631, 3.1200372664877847]}, "area_1:office_18": {"R": [[0.9999951428099202, 0.0002100125502687457, -0.003109702766472182], [-0.00021034388290315235, 0.9999999722362389, -0.00010622133680588093], [0.0031096803723213015, 0.00010687492782323197, 0.9999951592211493]], "t": [0.9614074564300249, -35.21108088760522, -1.5581389498900606], "s": [5.589977109447207, 2.9214748192534636, 3.1211332654544193]}, "area_1:office_19": {"R": [[0.9999926424926864, -0.0035061905095180902, -0.0015561454319627528], [0.0035069432381004528, 0.9999937348547657, 0.0004812487311395574], [0.0015544483327517768, -0.00048670250404862103, 0.9999986734046468]], "t": [1.1077105730009298, -32.15311716905253, -1.5398405770996189], "s": [5.566444139969386, 2.914113488084307, 3.1145802500156603]}, "area_1:office_2": {"R": [[0.9999883298693744, -0.0003553078234205894, 0.004818078601481837], [0.000343041364234612, 0.9999966987970308, 0.0025465108801863046], [-0.004818967491264608, -0.0025448283618152512, 0.9999851505902111]], "t": [18.143149145160645, -32.161383269620764, -1.6452439811402277], "s": [5.585264251331459, 2.9335095902945527, 3.1162062975837292]}, "area_1:office_20": {"R": [[0.999998515634993, 0.00024752451543552564, -0.001705127392563678], [-0.0002476199789188852, 0.9999999677867335, -5.5775245249008e-05], [0.0017051135318954013, 5.619738606718632e-05, 0.9999985447137897]], "t": [1.0086190655151401, -29.11848683694321, -1.5558663703741633], "s": [5.5592845048903, 2.9248371387586265, 3.1137669639994305]}, "area_1:office_21": {"R": [[0.9999842092648155, -0.005407859706555664, -0.0015284876237198588], [0.005406161407935841, 0.9999847671491571, -0.0011130536723289752], [0.0015344835786016931, 0.0011047728455893275, 0.9999982124169555]], "t": [1.1572190406057121, -26.080717436249053, -1.5912434095659191], "s": [5.57651354504175, 2.9284993182790338, 3.1171310552287697]}, "area_1:office_22": {"R": [[0.9998972686415994, 0.0042064238176222814, -0.01370248742876231], [-0.004223627754841953, 0.999990327872586, -0.0012268373430413075], [0.013697194298737895, 0.001284585514589014, 0.9999053638762011]], "t": [0.9741554077439308, -16.891762126628468, -1.5415378333638405], "s": [5.57756231693095, 2.951407164495521, 3.110861537144715]}, "area_1:office_23": {"R": [[0.9997624785798361, -0.007769726254377123, -0.020362165352303303], [0.007801194448029591, 0.9999684949534706, 0.0014664466150200106], [0.02035012995257108, -0.0016249475138336658, 0.9997915941617486]], "t": [1.1581564567503109, -13.860171166796361, -1.475680841150778], "s": [5.558125787348572, 2.9177357999578586, 3.1098617330014764]}, "area_1:office_24": {"R": [[0.9999831393183158, -0.0002962503813561628, -0.005799423660778621], [0.00029729609264319786, 0.9999999397060555, 0.00017945171714105432], [0.005799370148468853, -0.00018117283745670593, 0.9999831670994688]], "t": [1.0461705034268898, -10.804823668643083, -1.5496046884431953], "s": [5.561250045603711, 2.9311104118896343, 3.1175245865611934]}, "area_1:office_25": {"R": [[0.9999917973310312, 0.00070351928826989, -0.0039887756599048365], [-0.0007143264720635202, 0.9999960765451698, -0.002708621782066182], [0.003986854442455396, 0.0027114488521833343, 0.9999883764508349]], "t": [1.031909380466928, -7.696333921518117, -1.5796768873799414], "s": [5.57640322659951, 2.928690727882508, 3.1180687310984068]}, "area_1:office_26": {"R": [[0.9998250617349435, -0.014784818401101912, -0.011456660576403576], [0.014756857270245933, 0.9998879328037227, -0.002521308589549681], [0.011492653750203708, 0.0023518032112797116, 0.9999311915984185]], "t": [1.1243414055572785, -4.681621813060467, -1.5751645727752055], "s": [5.568362881610871, 2.913943343414265, 3.114851713740043]}, "area_1:office_27": {"R": [[0.9999668014372209, -0.0028425783252205867, -0.007636476404641208], [0.0028491681230470474, 0.9999955779911794, 0.0008521966285565373], [0.007634020200410027, -0.0008739259419977686, 0.9999704785587562]], "t": [-0.12496317670459513, -0.5702818171517365, -1.5840523098190755], "s": [3.1824412508818676, 5.033460789037888, 3.120964394790782]}, "area_1:office_28": {"R": [[0.9999889534254398, -0.0027389528519598254, -0.0038198382646961785], [0.0027863815856254293, 0.9999184032327346, 0.012466874273763357], [0.0037853803973951533, -0.012477380084507975, 0.9999149893273297]], "t": [3.341696400635466, 0.14498677715568023, -1.516636601503717], "s": [3.5020083639505795, 3.6034443344839944, 3.1141870381656513]}, "area_1:office_29": {"R": [[0.999972038991315, 8.463489290319766e-06, 0.007478045461294206], [-1.6010813657658676e-05, 0.9999994906243137, 0.0010092050174068776], [-0.00747803311076381, -0.0010092965286090253, 0.9999715297653787]], "t": [7.493597428352504, -38.40393217346894, -1.2643390650294253], "s": [3.8742231428404112, 2.688669316356056, 2.563798992715056]}, "area_1:office_3": {"R": [[0.9998982219111029, -0.0033439836373914777, 0.013869520267391728], [0.003334408522127719, 0.9999941863460412, 0.0007134381028517195], [-0.013871825360142549, -0.0006671188439076508, 0.9999035590563851]], "t": [18.179453861697706, -29.052572092519608, -1.8073308916796536], "s": [5.5609677008553975, 2.9297374729756607, 3.114719374595872]}, "area_1:office_30": {"R": [[0.9999997960421325, -3.9549324168316116e-05, 0.0006374570919982383], [3.940779575633142e-05, 0.9999999745745574, 0.00022203132686459044], [-0.0006374658569795312, -0.00022200616080066962, 0.9999997721752469]], "t": [9.527876073570557, -30.656998529760052, -1.5439617109477923], "s": [7.283004091440419, 5.976496147655867, 3.1133706963188255]}, "area_1:office_31": {"R": [[0.9999948534107298, 0.00261155684867177, 0.001863577977740351], [-0.0026134084499993653, 0.999996093176314, 0.0009918308232543175], [-0.0018609804744905737, -0.000996696009142704, 0.9999977716718866]], "t": [9.519795021559718, -20.10044141949882, -1.5574481501642448], "s": [7.316375337941243, 14.921176916064228, 3.1073212648788924]}, "area_1:office_4": {"R": [[0.9999664023031484, -0.000539149230569708, 0.008179461046130534], [0.0004914035540996126, 0.9999828371072644, 0.00583815154421643], [-0.008182468297830979, -0.005833935979541986, 0.9999495049268945]], "t": [18.848304082221492, -26.060779614227464, -1.5790893179044663], "s": [4.122863040142012, 2.9156265368440537, 3.111402896340101]}, "area_1:office_5": {"R": [[0.9999692202028362, 0.00474118597794139, 0.006251384043083863], [-0.004763925775606118, 0.9999820722308148, 0.003627702877831896], [-0.006234072355697138, -0.0036573723474492064, 0.9999738796435516]], "t": [18.7253862945931, -23.085748521899706, -1.5935300165527895], "s": [4.12964864227192, 2.918023090552146, 3.1184499746523255]}, "area_1:office_6": {"R": [[0.999983645983198, -0.001033700558112462, 0.00562487593697284], [0.0010506715309243314, 0.9999949028880615, -0.003015010320135467], [-0.005621730648499911, 0.003020870909617992, 0.9999796350343657]], "t": [18.8534490187578, -19.913136029028966, -1.7308048133899319], "s": [4.113345193850232, 2.907227485411765, 3.116819453273301]}, "area_1:office_7": {"R": [[0.9999865382976555, -0.0008005506151314951, 0.005126630685357275], [0.0007720319158893871, 0.9999842316056294, 0.005562419151743462], [-0.005131002844696384, -0.005558386349602452, 0.9999713881661796]], "t": [18.85255575708223, -16.825527047716278, -1.5433066958646924], "s": [4.138677329547678, 2.912171754629505, 3.12547610672565]}, "area_1:office_8": {"R": [[0.9999783772013211, 0.001776816359372934, 0.006331512728996104], [-0.0017826411690382606, 0.9999979929869569, 0.0009144465652426277], [-0.006329875217950578, -0.0009257136076016433, 0.9999795376576673]], "t": [18.076744816886002, -13.881702122861382, -1.6440330245917656], "s": [5.59045897720746, 2.9144575183464183, 3.127518020665306]}, "area_1:office_9": {"R": [[0.9999958239442183, 0.0006088457554841298, 0.002825137336458444], [-0.0006171758449601724, 0.9999954623375378, 0.002948626512529014], [-0.002823329258202141, -0.0029503578054229755, 0.9999916620655992]], "t": [18.094047041949008, -10.78707699547222, -1.581086751411196], "s": [5.567238052932396, 2.920420496093636, 3.123601227858866]}, "area_1:pantry_1": {"R": [[0.9999178612572687, -0.008379241026718295, -0.009698404946479776], [0.00820822313790386, 0.999812450062709, -0.017541088122504416], [0.009843567016489611, 0.017460040647697437, 0.9997991054051673]], "t": [11.927067791480354, -38.21856528539681, -1.8883995821982573], "s": [3.848103986024597, 2.6536273951005827, 2.5688860591847305]}, "area_2:WC_1": {"R": [[0.9998881126410858, -0.004121634867413843, -0.014379649685126138], [0.004191747090837571, 0.999979457690756, 0.004849067212163043], [0.0143593682094194, -0.004908800517574367, 0.9998848494812316]], "t": [0.6230321527932091, -10.847257148351858, -1.253841343884906], "s": [2.2414288272599037, 4.923884726709326, 2.363264722445317]}, "area_2:conferenceRoom_1": {"R": [[0.9998850995352874, -0.002974293111409509, -0.014864094583795506], [0.00307322689195042, 0.9999732491655594, 0.006637486703900296], [0.014843955125881705, -0.006682404788792909, 0.9998674924521047]], "t": [-13.40590650022356, 20.739215565419805, -1.6103716198545877], "s": [5.451953232751493, 10.452499986134919, 2.511202540512669]}, "area_2:hallway_2": {"R": [[0.9998705529078302, 0.003447429488918943, -0.01571600005436766], [-0.0033645590197375853, 0.999980313780697, 0.005296394402010288], [0.015733949611990455, -0.005242831389418844, 0.9998624683168329]], "t": [-2.2058653265387766, -20.22447724668026, -1.3309170592313184], "s": [11.01327501172232, 1.8171131065118806, 2.579234823105202]}, "area_2:office_10": {"R": [[0.9998186817967892, 0.0032936200456929387, -0.018755148549807563], [-0.003126705424139767, 0.9999553093779006, 0.008922049099715695], [0.01878369621031479, -0.008861789545102746, 0.9997842974575751]], "t": [4.083757422041082, 7.978965439581742, -1.9694692810854821], "s": [2.5685158867184583, 3.8579163058080748, 2.5853639397777974]}, "area_2:office_11": {"R": [[0.9998499202912376, 0.005408185102314265, -0.016458688511083366], [-0.00527188839754287, 0.9999515470196539, 0.00831329090821041], [0.016502850854613407, -0.008225274882931698, 0.9998299859309936]], "t": [4.168418648551185, 13.600304185155993, -1.9818810112379028], "s": [2.5473164791570673, 3.858694981258625, 2.591543513065273]}, "area_2:office_12": {"R": [[0.999906659315853, -0.00252499063519999, -0.013427474747799421], [0.0026312544984111144, 0.9999653157093009, 0.007902143896615497], [0.013407056186024956, -0.007936737408430409, 0.9998786221555767]], "t": [4.044205187927103, 17.645170630791057, -1.986196830024671], "s": [2.5406253568036425, 3.868819818993399, 2.596138594115484]}, "area_2:office_13": {"R": [[0.9998947756994174, -0.004003309510287907, -0.01394313601655928], [0.004105504407086747, 0.9999648646368158, 0.007308510480111869], [0.013913387889900344, -0.007364985053572894, 0.9998760796381648]], "t": [4.014862104462905, 21.638092754128422, -1.9687337249712056], "s": [2.5498884960935206, 3.8008750982952617, 2.6135430066553176]}, "area_2:office_2": {"R": [[0.9998697163510682, -0.003990175219105717, -0.01564061462204113], [0.00401416648392499, 0.9999908139662013, 0.0015028142445008934], [0.015634474454669253, -0.0015654024833812376, 0.9998765487416891]], "t": [4.1239114255075595, -14.1045192619725, -1.9923636653184695], "s": [2.5700779501534323, 3.321118443630519, 2.59705099356993]}, "area_2:office_3": {"R": [[0.9999229317206869, 0.0005970802435863346, -0.012400569111509533], [-0.0005304091592267588, 0.9999853921548112, 0.005379046673199493], [0.012403599688413593, -0.005372054743891675, 0.9999086416981295]], "t": [4.034172831703989, -10.415895453391784, -1.9656487488700602], "s": [2.568160287305653, 3.867941238054817, 2.575542962759545]}, "area_2:office_5": {"R": [[0.999887140287702, 0.0016777289174363208, -0.014929565062689736], [-0.0016581859576343422, 0.9999977522994236, 0.0013212930903885947], [0.014931748277123891, -0.0012963879744900117, 0.999887674827332]], "t": [-13.39606236304238, -19.224598208779256, -1.5626786143784357], "s": [5.480009260250774, 3.892318053665215, 2.858576939391787]}, "area_2:office_6": {"R": [[0.9998890215125533, 0.005683888157594408, -0.013770914061192973], [-0.005575104171672032, 0.9999530544009447, 0.00792509985402739], [0.01381531295859089, -0.007847446058002432, 0.9998737693920283]], "t": [0.19571956724230907, -17.92151881437256, -1.2819226970388535], "s": [2.786220264737164, 2.531340330578493, 2.5789081968034844]}, "area_2:office_7": {"R": [[0.9998863057912536, 0.0021281093135685596, -0.014928048829945485], [-0.0020256778922226513, 0.9999743258760285, 0.006873442940705658], [0.01494229300330757, -0.006842422051560311, 0.9998649454502702]], "t": [-2.6945852067889966, -17.923817174805222, -1.2998749069271225], "s": [2.862016081720149, 2.5160591521352, 2.5832523221052486]}, "area_2:office_8": {"R": [[0.999880167146614, -0.000904334575497604, -0.015454239736553178], [0.0010206739175289178, 0.9999711902591055, 0.007521760202364237], [0.015446992316091047, -0.007536632587791041, 0.9998522838887869]], "t": [-6.337363075904873, -17.95149786376763, -1.2951919729336618], "s": [4.275690006032314, 2.521267660419081, 2.5871893090423788]}, "area_2:storage_3": {"R": [[0.9998120496624547, 0.00740639023787922, -0.017916772404802956], [-0.0073183459327204525, 0.9999608465316578, 0.0049746574253237115], [0.01795291515521352, -0.004842601298325282, 0.9998271060788937]], "t": [4.045898982950255, -1.7453077331983116, -1.9582850261990803], "s": [2.568348408155635, 2.311088722587719, 2.6075634554785023]}, "area_2:storage_4": {"R": [[0.999808466264933, 0.006056075992736598, -0.018610607957090387], [-0.005863651536603519, 0.999928967946359, 0.010376736114344481], [0.018672128309852733, -0.010265622499373976, 0.9997729585356271]], "t": [4.062890467678382, 0.8775680655114276, -1.959997932038351], "s": [2.5674609764962226, 2.4966337728967964, 2.6045960127759686]}, "area_2:storage_5": {"R": [[0.9998311206444287, -0.005128976991555256, -0.017647203345740388], [0.005241591682480765, 0.9999661573704699, 0.006341122169661379], [0.017614082648266485, -0.0064325507193118475, 0.9998241677333587]], "t": [-16.2331829597531, 5.182864024400736, -1.4892381418546616], "s": [1.584458973426664, 3.055641544494739, 2.4204754788712832]}, "area_3:conferenceRoom_1": {"R": [[0.9999898664292742, 0.0041655904046537205, 0.0017073064584252214], [-0.004164911687702344, 0.9999912463568036, -0.0004008994888105999], [-0.0017089614963374776, 0.0003937846456440912, 0.999998462190946]], "t": [-17.001976870992785, -3.4860358100560154, -1.3429192322659582], "s": [5.225246274950096, 5.54336299259711, 2.7159632440878703]}, "area_3:lounge_1": {"R": [[0.9999966220432095, -0.0022017107143085654, 0.0013814384172581816], [0.0022051815591643048, 0.9999944034091278, -0.0025160136553195375], [-0.0013758911516902812, 0.002519051478856985, 0.9999958806431082]], "t": [-6.681712948130519, -5.5140074591435235, -1.3707483087095444], "s": [5.4248726197604675, 5.025541871721705, 2.728696235231926]}, "area_3:office_1": {"R": [[0.9999999600205935, 0.0001676601406138968, 0.0002277035102696154], [-0.00016771994940017727, 0.9999999514380029, 0.00026266710942166336], [-0.00022765946040737792, -0.0002627052893416089, 0.9999999395785487]], "t": [-14.208053374832213, 13.4113567439922, -1.356094204365539], "s": [3.010981428766486, 5.560681561640169, 2.712243490291142]}, "area_3:office_10": {"R": [[0.9999999321674092, -0.0002979328633966496, -0.00021656681607883001], [0.0002978048073962079, 0.9999997809611663, -0.0005910921385101246], [0.00021674287441564476, 0.0005910276037758627, 0.9999998018544294]], "t": [-17.980547704023945, 6.926757223547061, -1.3582672184670144], "s": [3.286945947947092, 3.881151964673915, 2.716368382168867]}, "area_3:office_2": {"R": [[0.9999990233473323, -5.723172086287913e-05, 0.0013964343564101252], [5.863694187460535e-05, 0.9999994919890381, -0.0010062720182239474], [-0.0013963760563269056, 0.0010063529180858847, 0.9999985186927597]], "t": [-17.241465509767117, 13.38287486033668, -1.317836326180868], "s": [2.921221233108522, 5.583699791165869, 2.7190965397197404]}, "area_3:office_9": {"R": [[0.9999998560403959, 0.0005359497120841254, 2.6021022234360404e-05], [-0.0005360200099734959, 0.9999959886989519, 0.0027812350772461448], [-2.4530315717318294e-05, -0.0027812486246492412, 0.9999961320196951]], "t": [-17.981532185232265, 2.959012452964689, -1.3705768274162455], "s": [3.285898230139886, 3.8651757949807846, 2.7135548902639504]}, "area_4:WC_2": {"R": [[0.9999970454879199, 0.002429582658279411, 7.838072219555338e-05], [-0.0024292310376885498, 0.9999881818334463, -0.004211297900166611], [-8.861149222621717e-05, 0.004211095052952978, 0.9999911293738852]], "t": [9.620033121316704, -9.370639337218977, -1.258287418628294], "s": [4.026721981285022, 1.8347177904237142, 2.431629837959893]}, "area_4:WC_3": {"R": [[0.9999987684252073, 0.001124730188442166, 0.0010945912807264642], [-0.0011179280639190753, 0.9999801846563293, -0.006195202299978742], [-0.00110153752207435, 0.006193970995812508, 0.9999802104733826]], "t": [12.709394821188434, -13.334583054934624, -1.3140180651873492], "s": [1.6808354022155099, 1.910447293667116, 2.4477383809973827]}, "area_4:conferenceRoom_1": {"R": [[0.9999895037159842, -0.004577046956515935, -0.00020760302870519268], [0.004576905976811803, 0.9999892984001771, -0.000674549331728047], [0.00021068825098646317, 0.0006735920719237935, 0.9999997509420597]], "t": [10.354650908185912, -3.6502744147235426, -1.2535385391142344], "s": [6.306857256922346, 3.968282760092352, 2.485672931611171]}, "area_4:conferenceRoom_2": {"R": [[0.9999982052262626, -0.0018729049786412348, 0.00028595663085991213], [0.0018732271999023634, 0.9999976062207384, -0.0011307398687369992], [-0.00028383817801315377, 0.001131273501053698, 0.999999319827846]], "t": [27.060355027910166, -4.310118725428194, -1.4009055338500265], "s": [5.1483199462054134, 7.164901843815763, 2.7679706912587347]}, "area_4:conferenceRoom_3": {"R": [[0.9999735942391306, -0.007112545816662186, 0.0014908106789567528], [0.007113955845801341, 0.9999742511858914, -0.0009426544645568767], [-0.0014840676192812673, 0.0009532351343930506, 0.9999984444418301]], "t": [27.679136291286913, 2.142349037644183, -1.4461164103486477], "s": [3.9684308263468306, 5.192356445910023, 2.7941596537491686]}, "area_4:office_1": {"R": [[0.9999957894853918, 0.0028235552136167677, 0.0006697368464984852], [-0.0028225446772122726, 0.9999948840465592, -0.0015050323098539512], [-0.0006739829619811107, 0.0015031356107222072, 0.9999986431642308]], "t": [5.5351014627402995, -3.7115741589921782, -1.26890402406548], "s": [2.823520386380007, 3.969549908584441, 2.489045937616157]}, "area_4:office_10": {"R": [[0.9999492494638204, 0.010037511113625839, -0.0008642148958615397], [-0.010038559427491385, 0.9999488713795408, -0.00121735426368265], [0.0008519515027951996, 0.0012259679548912768, 0.9999988855899843]], "t": [1.5696860259091023, -14.762431319919678, -1.4098126642151891], "s": [5.936635475813348, 3.516137264737282, 2.7904999516278557]}, "area_4:office_11": {"R": [[0.9999764183534962, 0.006865728694674569, -0.00015654521625243264], [-0.006866080248574304, 0.9999736239218385, -0.0023682066306861507], [0.00014028162298435247, 0.002369225636491858, 0.9999971835415087]], "t": [2.9150497190440197, -10.616550872092066, -1.40285427195789], "s": [2.9346615351150818, 4.394787313111794, 2.742195235370806]}, "area_4:office_12": {"R": [[0.9999979677898971, 0.0011128132129341844, 0.001681089774158723], [-0.0011061819511383414, 0.9999916247144734, -0.00394041398824079], [-0.0016854606393024137, 0.003938546389325256, 0.9999908234952821]], "t": [6.038890556569361, -10.60266948093647, -1.2868732862445464], "s": [2.8970328754911967, 4.3844419807119674, 2.460203496095033]}, "area_4:office_13": {"R": [[0.9999760858634679, 0.006860381067778469, 0.0008734258888006847], [-0.006861216836312947, 0.9999760031489696, 0.0009575122646292646], [-0.0008668360303173169, -0.0009634821309637479, 0.9999991601483873]], "t": [9.861622080730896, -14.498509143384592, -1.2391819836396338], "s": [3.5028492384028302, 4.088388774079979, 2.490562807837439]}, "area_4:office_14": {"R": [[0.9999997378605595, -7.70273290346316e-05, 0.0007199622231161122], [7.65701439200372e-05, 0.9999997954441503, 0.0006350186378940173], [-0.0007200109896331921, -0.000634963343819546, 0.9999995392027573]], "t": [12.89518120321463, -15.44159016081248, -1.2005268626301095], "s": [2.0051795881545487, 2.033023790376377, 2.425705621422681]}, "area_4:office_15": {"R": [[0.9999991709515543, 0.0012876693867373797, 1.9376512785704197e-06], [-0.0012876695333875236, 0.9999991679354678, 7.768877004417711e-05], [-1.8376122154403478e-06, -7.76912006909408e-05, 0.9999999969803502]], "t": [23.757844111403315, 2.6716631142853915, -1.4126846223875116], "s": [3.6083515935652337, 3.9994458397264965, 2.7944708645837175]}, "area_4:office_16": {"R": [[0.9999651298137875, -0.007968183793652286, 0.00249944064252566], [0.00797214458473704, 0.9999669757142274, -0.0015787310289048842], [-0.002486778481284554, 0.0015986018804431095, 0.9999956301928588]], "t": [25.992000573519107, -10.809004730084302, -1.4796182273383298], "s": [7.4231889598097, 5.264634462490652, 2.7933358926215077]}, "area_4:office_18": {"R": [[0.9999753983437296, 0.00698640754805004, -0.0006267510444329153], [-0.006986122450516825, 0.9999754928131395, 0.00045592348617471594], [0.0006299209518130987, -0.00045153371015942584, 0.9999996996584064]], "t": [-8.917859661720671, 2.7064687169984083, -1.4318387111056925], "s": [3.597164201121785, 3.863773817703066, 2.8315919795638793]}, "area_4:office_2": {"R": [[0.9999971198253308, 0.0023428218213884145, 0.0005210824851897312], [-0.0023417389484560575, 0.9999951175023973, -0.0020691133520633867], [-0.0005259275049178868, 0.0020678871535045953, 0.9999977236188989]], "t": [2.775059288868453, -3.704136757373574, -1.2673407221643567], "s": [2.28764149210115, 3.9626727867310394, 2.477773330045832]}, "area_4:office_20": {"R": [[0.999917992854807, 0.012756837660802593, 0.001127234718341847], [-0.012756990724297939, 0.9999186180003612, 0.00012870084671214523], [-0.0011255011659180914, -0.00014307041516911596, 0.9999993563887838]], "t": [19.364611876614735, 2.357785181478908, -1.4434897360003505], "s": [4.940325879488839, 3.7839998478183454, 2.8004339168420547]}, "area_4:office_3": {"R": [[0.9999931943594574, 0.0036885597034990816, 7.59083791849896e-05], [-0.003688658146978895, 0.9999922985438466, 0.0013403932516944741], [-7.09636740448933e-05, -0.0013406641295211222, 0.9999990987915183]], "t": [0.06349757434075211, -3.7100477513491916, -1.2498262871392072], "s": [2.7527245383957935, 3.9699137194022485, 2.4772882483489367]}, "area_4:office_4": {"R": [[0.9999990304703634, 0.0013024056101933333, 0.0004927453295250786], [-0.0013029312576102346, 0.9999985809145446, 0.0010679602215572519], [-0.0004913537128933288, -0.001068601199430046, 0.9999993083312636]], "t": [-5.963278646991905, -3.7089925864034163, -1.4187347775732457], "s": [3.2320523052793706, 4.579779038907683, 2.8360803968323496]}, "area_4:office_5": {"R": [[0.9999985859947007, 3.164339380082402e-05, -0.001681370659526453], [-3.2736450617728786e-05, 0.9999997881653102, -0.0006500751183956501], [0.0016813497327708492, 0.0006501292412935534, 0.9999983751962029]], "t": [-9.485533612400072, -3.701005307733284, -1.4402109217739214], "s": [3.5439549464910134, 4.5804317164688015, 2.8480864374392003]}, "area_4:office_6": {"R": [[0.9999877536911157, -0.0008970169022492841, -0.004867014328476199], [0.0009049391135006915, 0.9999982689650403, 0.0016257773906321084], [0.004865547553705555, -0.001630161832491812, 0.999986834423035]], "t": [-15.757014260997547, -0.032946523746778436, -1.4696130966327772], "s": [3.5798131098359733, 3.644616827766038, 2.794929313805281]}, "area_4:office_7": {"R": [[0.9999872455279668, -0.0009486632137925777, -0.0049607277184323655], [0.0009412365343068111, 0.9999984332126458, -0.0014992151412905046], [0.004962142196281012, 0.0014945268014275761, 0.9999865716770718]], "t": [-15.748687433861905, -3.734556984206445, -1.4784745512321156], "s": [3.5838233200922085, 3.503886755277157, 2.7992002832761917]}, "area_4:office_8": {"R": [[0.999982836647351, -0.0043428338643592785, -0.0039327095931296335], [0.004334884688716135, 0.999988548800641, -0.002027570547114405], [0.003941469960922448, 0.002010487904605659, 0.9999902113285573]], "t": [-15.731558755528576, -7.451627176842284, -1.466690613612123], "s": [3.585723722112361, 3.5771361328380364, 2.804580534465088]}, "area_4:office_9": {"R": [[0.9999793620761183, -0.006240951201198895, -0.0015251065352786528], [0.00623667946950968, 0.9999766600801546, -0.00278982510805985], [0.0015424821017736446, 0.002780255931244239, 0.999994945450187]], "t": [-15.08525276618755, -11.526052120735075, -1.43953596082103], "s": [4.821016243174964, 4.252391772827433, 2.8002431941277095]}, "area_4:storage_3": {"R": [[0.9999966302755289, -0.0016794163059678066, -0.001979646043765213], [0.0016730628913186481, 0.9999934590493638, -0.0032066679045797348], [0.001985018425364938, 0.0032033450266586564, 0.9999928991160344]], "t": [0.5460183283137161, -0.2752610571555782, -1.2245758757204173], "s": [3.6749842091843514, 1.4604886840666356, 2.4255726079876987]}, "area_4:storage_4": {"R": [[0.9999980685252092, -0.0010744548129226733, -0.0016457498916454991], [0.001071435246676849, 0.9999977432233815, -0.0018345502599272337], [0.001647717318911951, 0.0018327834020985306, 0.9999969629617071]], "t": [12.110125129421228, -0.40245395823713204, -1.2101693001978377], "s": [3.638193526521944, 1.708429192477032, 2.414853626581595]}, "area_5a:hallway_8": {"R": [[0.9999986721836883, -0.000930804401709927, -0.0013376225274278977], [0.0009302282303092829, 0.9999994743275178, -0.00043130050725963883], [0.0013380232806871606, 0.000430055640335279, 0.9999990123724356]], "t": [-5.162187481305184, -3.1402652247466527, -1.5358500553594792], "s": [2.883523948676507, 3.7969935417551572, 3.0501060808789444]}, "area_5a:office_10": {"R": [[0.9999548943344065, -0.009427056019424772, -0.0011575454515594622], [0.009425841501462003, 0.9999550242539841, -0.0010502291194063984], [0.0011673939588311064, 0.0010392709081658042, 0.9999987785529163]], "t": [-11.751268125593295, -18.790146102843593, -1.5598084094323084], "s": [2.960165448474026, 5.317555117328706, 3.050589948537218]}, "area_5a:office_11": {"R": [[0.9999940640346686, 0.0032818871804164446, -0.0010493388213199282], [-0.003282669009986701, 0.9999943350968916, -0.0007442165655573341], [0.0010468904421112215, 0.0007476567799433247, 0.9999991725145284]], "t": [-15.130156863937335, -18.63819733982186, -1.5553772993319581], "s": [3.06323409791307, 5.3493504336716775, 3.048881297421432]}, "area_5a:office_12": {"R": [[0.999999623500017, -0.0007608158034166171, 0.00041732378039966057], [0.0007617683294092239, 0.9999970945000003, -0.0022870724890065356], [-0.00041558252697222113, 0.0022873895319628, 0.9999972975664947]], "t": [-18.25865381636502, -18.676519210529868, -1.549248844441761], "s": [3.0458320865081117, 5.344144522424555, 3.0541709728666087]}, "area_5a:office_14": {"R": [[0.999998478086199, 0.0004941747359930866, 0.0016732054912731269], [-0.000496619769717668, 0.9999988091497171, 0.001461187172152988], [-0.001672481416950859, -0.0014620158952778311, 0.9999975326546721]], "t": [-21.459463324936348, -11.061913372401401, -1.4673915554947623], "s": [4.4131994352108626, 5.681546809277366, 3.030596565754624]}, "area_5a:office_17": {"R": [[0.9999772833743639, 0.00658821446542619, -0.001424136715652181], [-0.006588879460366833, 0.9999781860225613, -0.0004627596403119489], [0.0014210568898096773, 0.0004721325931289553, 0.9999988788434367]], "t": [4.446840507907002, -11.227305976881784, -1.4962073802309948], "s": [3.496321946157527, 5.451629428049184, 3.018666165641564]}, "area_5a:office_18": {"R": [[0.9999943967641897, 0.0033471733275034924, -5.358115530421481e-05], [-0.00334701099428441, 0.9999905146398017, 0.00278713972175964], [6.290968680435628e-05, -0.002786944768042653, 0.9999961144830669]], "t": [0.11000493689872969, -11.20578708216146, -1.482806443922959], "s": [4.968038117450566, 5.438068455969402, 3.033554393994542]}, "area_5a:office_22": {"R": [[0.9999999994231961, -1.020794103273435e-05, 3.239453367340964e-05], [1.0200860033246505e-05, 0.9999999760596068, 0.0002185788831228877], [-3.239676413822169e-05, -0.00021857855254470672, 0.9999999755869328]], "t": [-21.423839827825137, 20.540439030906896, -1.5358235509210472], "s": [3.1526189086547265, 4.923789048265538, 3.05459639761717]}, "area_5a:office_23": {"R": [[0.9999992239998801, 0.000208096770428789, 0.0012282896124777155], [-0.00020917667854524011, 0.9999995916844635, 0.00087913367783812], [-0.00122810616606885, -0.00087938992517171, 0.9999988592136515]], "t": [-18.166752539128296, 20.552725036579883, -1.5266652326460035], "s": [3.051107180878758, 4.932262304373353, 3.047134453371728]}, "area_5a:office_42": {"R": [[0.9999976197604806, -0.00038338571748056094, 0.0021479033415824204], [0.00038560475032343387, 0.9999993923195495, -0.0010327969346975237], [-0.0021475060767497294, 0.001033622718125194, 0.9999971599168304]], "t": [4.178921419790703, -18.56002279143297, -1.5537698295342237], "s": [3.053410175167447, 5.312160559479859, 3.041111434980224]}, "area_5a:office_6": {"R": [[0.9999970057788324, 0.0022307460346731906, 0.001006084240312033], [-0.002231496452757589, 0.9999972324158471, 0.0007453752258614255], [-0.0010044187130597991, -0.0007476180674565781, 0.9999992161048298]], "t": [0.8210187774390654, -18.647781247965447, -1.5176555540722632], "s": [3.0076904994374, 5.2630752711399165, 3.0567543831530646]}, "area_5a:office_8": {"R": [[0.9999862514711992, 0.00517468751242061, -0.0008482203299590537], [-0.005174470863476559, 0.9999865792051761, 0.00025741175806716485], [0.0008495409715780602, -0.00025301912765101383, 0.9999996071306522]], "t": [-5.5671335615193245, -18.639530079596206, -1.5313816266324622], "s": [2.954585633758624, 5.324498933459061, 3.0551708540601528]}, "area_5a:office_9": {"R": [[0.9999960216929985, -0.002793228646433982, -0.00039302913971747726], [0.0027934273161026976, 0.9999959704339162, 0.0005058455890253178], [0.0003916146135906481, -0.0005069414749511804, 0.9999997948241467]], "t": [-8.636240997177307, -18.3560519659406, -1.5242259948107322], "s": [3.1843573840927344, 4.6291715451554465, 3.034278951330835]}, "area_5b:conferenceRoom_1": {"R": [[0.9999998036408162, 0.0005316346741375353, -0.00033178743531744653], [-0.0005315646966478815, 0.9999998364667448, 0.00021096316455752483], [0.0003318995363924118, -0.00021078675664556394, 0.9999999227058175]], "t": [-10.41403574708305, 10.074709709117863, -1.5459987263293269], "s": [6.679471089042046, 3.1771356393453307, 3.053303810816358]}, "area_5b:conferenceRoom_3": {"R": [[0.9999963338266264, -0.0008056947608940466, -0.0025851865036377224], [0.0007844996706898653, 0.9999661599170989, -0.008189235673594043], [0.002591697044990066, 0.00818717757247549, 0.9999631259350634]], "t": [-26.39844753341374, -4.533697778013736, -1.625430163500641], "s": [5.720747770371476, 6.211103777865232, 3.045018943197545]}, "area_5b:hallway_4": {"R": [[0.9999987775968501, 0.0015634081178420357, -2.3661413835146123e-05], [-0.0015634008696010224, 0.9999987318892063, 0.0003033112265213406], [2.4135583063627936e-05, -0.00030327386347777605, 0.9999999537212175]], "t": [-10.691278646889517, 27.07477173555411, -1.521664693449328], "s": [11.24604925710026, 1.8189428604019997, 3.023228559338347]}, "area_5b:office_1": {"R": [[0.9999917844414353, 0.0002454636647782372, 0.00404608418388737], [-0.00025192496065368556, 0.9999986938704332, 0.0015964934205407967], [-0.004045687018051388, -0.0015974996140544298, 0.9999905401610233]], "t": [12.400316723932198, 16.07042698478314, -1.5902589223629555], "s": [5.319806881639747, 3.096017092184358, 3.044402894132281]}, "area_5b:office_16": {"R": [[0.9999959964553565, 0.002707612445349251, -0.0008221363051772871], [-0.002706260486906889, 0.9999949914122879, 0.0016411290367763045], [0.0008265757288398909, -0.0016388975514453872, 0.9999983153922711]], "t": [5.112473864315361, 6.251339558806874, -1.5182402601295681], "s": [5.102706961876372, 2.946711475892306, 3.0216798129501816]}, "area_5b:office_2": {"R": [[0.9999984067761405, 0.00032962901311659815, 0.0017543631022036241], [-0.0003268406155618963, 0.9999986834003404, -0.001589456761841287], [-0.0017548847234735581, 0.0015888808323646073, 0.9999971979147281]], "t": [12.41477491437238, 12.813699080131718, -1.5152989380108177], "s": [5.311414712163132, 3.026404163103499, 3.0423519202478966]}, "area_5b:office_24": {"R": [[0.9999998826936443, -0.0002053730240256147, -0.0004386737040688161], [0.00020551424978385656, 0.9999999270665888, 0.0003219172413562898], [0.0004386075589575031, -0.000322007357290543, 0.9999998519673247]], "t": [-26.378137423227045, -17.01996996008227, -1.520095320472996], "s": [5.766365023964094, 6.3614786029394885, 3.0521336193409576]}, "area_5b:office_25": {"R": [[0.9999996950739527, -0.00012002193330114032, -0.0007716519532856162], [0.00012012286506686414, 0.9999999842368682, 0.00013075458258786783], [0.0007716362477041744, -0.00013084723576085291, 0.9999996937282042]], "t": [-26.440826004536035, -12.081777524966347, -1.5287026181415302], "s": [4.256106348573787, 2.6202680943380146, 3.0605427580202056]}, "area_5b:office_26": {"R": [[0.9999996342265695, 0.00032826040086513826, -0.0007898049356915921], [-0.0003266190494495015, 0.9999977888509209, 0.002077405416676992], [0.0007904851192499738, -0.00207714669147994, 0.9999975302943994]], "t": [-26.79700973341418, -9.20832531677474, -1.5179427947628272], "s": [4.929865849385364, 2.809165814429169, 3.057534709049152]}, "area_5b:office_27": {"R": [[0.9999972725818891, -0.0005550063593164385, -0.002268655267846359], [0.0005554933343050698, 0.9999998228093321, 0.00021402911005479313], [0.0022685360783446574, -0.00021528874918704682, 0.9999974036940374]], "t": [-26.790151741151547, 6.364795747853215, -1.5906567655084531], "s": [4.928191663572363, 3.1738848881975854, 3.0565166710610265]}, "area_5b:office_28": {"R": [[0.9999999371183186, 0.0003461935386344521, -7.689858748298443e-05], [-0.0003461163799913411, 0.999999438961858, 0.0010011390616022115], [7.724513221434503e-05, -0.001001112382788178, 0.9999994959034663]], "t": [-26.817714200837507, 9.638182590868674, -1.5427816838350819], "s": [4.954697456323968, 3.05179523213642, 3.056275899655052]}, "area_5b:office_29": {"R": [[0.9999992154561946, 0.00037814640382813895, -0.0011941910620118835], [-0.00037758482229829227, 0.9999998180525344, 0.00047045148533750606], [0.0011943687442692026, -0.0004700002078277675, 0.9999991762912145]], "t": [-26.390931506464725, 14.446951145284972, -1.5744466835906523], "s": [5.764360991243161, 6.318915958178824, 3.0577400173555684]}, "area_5b:office_3": {"R": [[0.9999882832881832, -0.002742173381767758, 0.003989206875638628], [0.002728465009072432, 0.9999903686007633, 0.003437758630837754], [-0.003998595384204996, -0.0034268339402364497, 0.9999861339259157]], "t": [12.373432504226, 9.68421641860515, -1.5999248701922328], "s": [5.323861604442649, 3.018446819474348, 3.0492457639620776]}, "area_5b:office_30": {"R": [[0.9999714915089984, 0.006960872643004382, 0.0029261615329656447], [-0.00696626790927732, 0.999974046699108, 0.0018376723391806456], [-0.0029132937863023127, -0.0018580043750997608, 0.9999940302517095]], "t": [-17.485983664486934, 19.713505818847434, -1.2603432531446388], "s": [2.19075263097852, 4.272806405343664, 2.5668634821943694]}, "area_5b:office_31": {"R": [[0.9999999896555