{"acc5c94ec9": {"room0": {"R": [[0.9817417860031128, 0.1902184784412384, 2.4698631023056805e-05], [-0.19021843373775482, 0.9817416667938232, -0.0005551177891902626], [-0.00012984132627025247, 0.0005402842070907354, 0.9999998807907104]], "t": [-4.823520660400391, -2.9096462726593018, -1.777734398841858], "s": [6.7639546394348145, 6.386890888214111, 2.836136817932129], "class": "Cuboid"}}, "c13c64461e": {"room0": {"verts": [[0.6573666253624307, 0.3131460154749769, 0.01400317660034368], [1.2681714878668067, 0.7552129828855275, 0.013795867812005952], [1.453873726152964, 0.49978378793234535, 0.012057157742389133], [2.133408997102041, 0.988873225899908, 0.011814826252183922], [1.268415352348475, 2.148655093734706, 0.01978472605556394], [0.005193193954362669, 1.194562060965188, 0.02004220516614624], [0.6511702488129225, 0.313948284759233, 2.218573139122746], [1.2616726307865684, 0.7558070361869461, 2.2228288846624844], [1.4509739207418493, 0.49541872965913336, 2.223358912382105], [2.1329617078640046, 0.986268201960886, 2.228107515533309], [1.2661938207225816, 2.148444114469917, 2.2256208669189235], [0.0009184709113727102, 1.1927942468609523, 2.216721512858003]], "faces": [[7, 6, 0], [0, 1, 7], [8, 7, 1], [1, 2, 8], [9, 8, 2], [2, 3, 9], [10, 9, 3], [3, 4, 10], [11, 10, 4], [4, 5, 11], [6, 11, 5], [5, 0, 6], [0, 5, 4], [3, 2, 1], [1, 0, 4], [4, 3, 1], [11, 6, 10], [8, 9, 7], [6, 7, 10], [9, 10, 7]], "class": "Mesh"}}, "104acbf7d2": {"room0": {"verts": [[7.013550437572179, 2.7154696554243394, 0.13686002823621618], [8.067463874563002, 3.840533141358528, 0.13660959126606345], [6.529916283376069, 5.28681614869903, 0.13573046827172672], [3.0798141032122412, 1.6071596233484815, 0.13654894583093927], [4.656122291227488, 0.12941773950724259, 0.13744821528141132], [7.051044044118397, 2.6834509113465654, 0.13688015627754846], [7.01793172393411, 2.710979056940575, 2.6085048026957685], [8.073139962836553, 3.837429470626182, 2.606983322463417], [6.534392147982193, 5.2848367756781105, 2.600927406284135], [3.0784593955475477, 1.59895035825906, 2.6059014032174375], [4.6546293838878645, 0.1213177228140811, 2.6120912751967853], [7.054038829974114, 2.680144320209607, 2.6086385272678934]], "faces": [[7, 6, 0], [0, 1, 7], [8, 7, 1], [1, 2, 8], [9, 8, 2], [2, 3, 9], [10, 9, 3], [3, 4, 10], [11, 10, 4], [4, 5, 11], [6, 11, 5], [5, 0, 6], [0, 5, 4], [2, 1, 0], [4, 3, 2], [2, 0, 4], [11, 6, 10], [7, 8, 6], [9, 10, 8], [6, 8, 10]], "class": "Mesh"}, "room1": {"verts": [[8.889332808449144, 4.934966188008585, 0.12780147819329107], [7.439675530873061, 6.292707872356947, 0.12303799892952204], [6.958996592072033, 5.7793838650652125, 0.12287602739663323], [7.475429273240198, 5.310164650985269, 0.1245517051307856], [7.091063729933491, 4.883143317721664, 0.12444653823098835], [8.026711799619097, 4.0124009046186995, 0.12751280640307283], [8.87382863605974, 4.949072176453341, 2.44451600050548], [7.438566683965972, 6.293331640730899, 2.4377401710449598], [6.9369178997529435, 5.7576138804724835, 2.437889873134717], [7.4572015884897835, 5.284882507842323, 2.4403096485562585], [7.094272566106098, 4.881676123239384, 2.4404570906733567], [8.012125220982451, 4.027495521973634, 2.4447765343961447]], "faces": [[7, 6, 0], [0, 1, 7], [8, 7, 1], [1, 2, 8], [9, 8, 2], [2, 3, 9], [10, 9, 3], [3, 4, 10], [11, 10, 4], [4, 5, 11], [6, 11, 5], [5, 0, 6], [0, 5, 4], [2, 1, 0], [0, 4, 3], [3, 2, 0], [11, 6, 10], [7, 8, 6], [10, 6, 9], [8, 9, 6]], "class": "Mesh"}, "room2": {"R": [[0.7284459471702576, -0.6851032972335815, 0.00012399577826727182], [0.6851032972335815, 0.7284459471702576, 0.00011087064922321588], [-0.000166282057762146, 4.186642399872653e-06, 1.0]], "t": [1.035029649734497, -4.864173412322998, -1.407184362411499], "s": [4.07425594329834, 3.1718101501464844, 2.392284631729126], "class": "Cuboid"}}, "dc263dfbf0": {"room0": {"verts": [[6.183026775349442, 0.48279633819663187, 0.06264012094379831], [7.2902955233259386, 0.31201542789880077, 0.06307021143833426], [8.3825642440182, 7.441364651657381, 0.06634551262927757], [1.0718493216953175, 8.396626086943108, 0.0634385322003939], [-0.023329158391263084, 1.2437058320510748, 0.06015271696658645], [6.152658915394051, 0.28370726444699434, 0.06254871738630247], [6.180503319342036, 0.4815586229656984, 3.3429290434480388], [7.2990113248214685, 0.309043583193524, 3.344632218966635], [8.394550054179705, 7.459564206586823, 3.357361629422492], [1.0750092681647552, 8.41592785541499, 3.3459552111613937], [-0.02316690587384272, 1.2434326713505979, 3.3331879619363782], [6.1503414849185765, 0.2838190170363135, 3.3425772612959266]], "faces": [[7, 6, 0], [0, 1, 7], [8, 7, 1], [1, 2, 8], [9, 8, 2], [2, 3, 9], [10, 9, 3], [3, 4, 10], [11, 10, 4], [4, 5, 11], [6, 11, 5], [5, 0, 6], [0, 5, 4], [2, 1, 0], [4, 3, 2], [2, 0, 4], [11, 6, 10], [7, 8, 6], [9, 10, 8], [6, 8, 10]], "class": "Mesh"}}, "3e7e4b07c4": {"room0": {"verts": [[4.94230143509312, 2.5534889399802214, 0.07994835424929542], [4.124668180909938, 2.3541126112791786, 0.07969642145742263], [4.215701680369812, 1.9987289471673622, 0.08103337149164494], [4.178076274616813, 1.9887615706043065, 0.0810245257053813], [3.6315564793872532, 3.919593820399946, 0.07370085962516369], [0.19455880412659016, 2.9514719746983924, 0.0730925722684717], [0.9494322869948314, 0.24792267081720717, 0.08333520898975157], [5.251093605203388, 1.4423925401401112, 0.08415617679674257], [4.965046917636281, 2.4858271038090773, 2.484481284877862], [4.144360965411115, 2.2857147220342755, 2.4839546769104306], [4.2168660833796014, 2.002658461772502, 2.483563964273015], [4.180136402478487, 1.992928348198739, 2.4835392705336643], [3.6335874562547907, 3.923911104688545, 2.4861897638659247], [0.19401915431553926, 2.9550623985378053, 2.483793464525493], [0.9514439380303504, 0.24236608286071637, 2.4800669992542685], [5.256323324187819, 1.4377240416629147, 2.483041099195165]], "faces": [[9, 8, 0], [0, 1, 9], [10, 9, 1], [1, 2, 10], [11, 10, 2], [2, 3, 11], [12, 11, 3], [3, 4, 12], [13, 12, 4], [4, 5, 13], [14, 13, 5], [5, 6, 14], [15, 14, 6], [6, 7, 15], [8, 15, 7], [7, 0, 8], [1, 0, 7], [5, 4, 3], [7, 6, 5], [2, 1, 7], [7, 5, 3], [3, 2, 7], [8, 9, 15], [12, 13, 11], [14, 15, 13], [9, 10, 15], [13, 15, 11], [10, 11, 15]], "class": "Mesh"}}, "ea42cd27e6": {"room0": {"verts": [[0.6781337987555002, 3.7182792216505662, 0.06791576302749207], [0.07415988448499952, 0.7438459760234094, 0.06436261827890442], [3.566661686380058, 0.030303642336002187, 0.06479336577167466], [3.8380475368861955, 1.5873088719409423, 0.06663751126998772], [5.96323003806316, 1.105693180219467, 0.06684636412529185], [6.262218352567747, 2.578125688209349, 0.06860527713960973], [0.6774420366442815, 3.7203349551448697, 2.5451324117361662], [0.07402949087235583, 0.7486579976725923, 2.5378080479955027], [3.662152549283352, 0.015572751649082074, 2.534722071557144], [3.9328738842097977, 1.5683092167243127, 2.5385643939020874], [5.966254892333756, 1.1074957956377507, 2.5367005858480494], [6.265145705995105, 2.579438227968935, 2.5403285156773334]], "faces": [[7, 6, 0], [0, 1, 7], [8, 7, 1], [1, 2, 8], [9, 8, 2], [2, 3, 9], [10, 9, 3], [3, 4, 10], [11, 10, 4], [4, 5, 11], [6, 11, 5], [5, 0, 6], [0, 5, 4], [2, 1, 0], [0, 4, 3], [3, 2, 0], [11, 6, 10], [7, 8, 6], [10, 6, 9], [8, 9, 6]], "class": "Mesh"}}, "4517d988d8": {"room0": {"verts": [[1.32015676943516, 4.9494107457095495, 0.36426021490478283], [1.2917828425750484, 4.781702654902321, 0.364661616376497], [0.20281568622980276, 4.769109770862966, 0.36477241113349507], [0.2472811713777366, 0.23112675203843755, 0.3755735855276624], [1.3315013255572914, 0.24118290484116706, 0.37546918274431884], [1.362678085667935, 0.049758060727086745, 0.3759226321201103], [4.915755357075794, 0.7165011705570878, 0.37407151055907534], [4.877857689786453, 4.364328780666241, 0.3653892178985437], [1.3166448167954896, 4.946693471861694, 2.9354754674602153], [1.2893909127738805, 4.78560542324016, 2.9358595216891996], [0.1845964789416793, 4.772833563036686, 2.9386222995310276], [0.2291011079522433, 0.2322946521094597, 2.947433640082028], [1.3292382673634326, 0.24249706323226333, 2.944687451639008], [1.3578430068460514, 0.06686508207307283, 2.9449616651574293], [4.91471015304318, 0.7342613652611137, 2.934836386878761], [4.877029158325495, 4.361181483774312, 2.9278032904548623]], "faces": [[9, 8, 0], [0, 1, 9], [10, 9, 1], [1, 2, 10], [11, 10, 2], [2, 3, 11], [12, 11, 3], [3, 4, 12], [13, 12, 4], [4, 5, 13], [14, 13, 5], [5, 6, 14], [15, 14, 6], [6, 7, 15], [8, 15, 7], [7, 0, 8], [0, 7, 6], [3, 2, 1], [6, 5, 4], [1, 0, 6], [4, 3, 1], [1, 6, 4], [15, 8, 14], [10, 11, 9], [13, 14, 12], [8, 9, 14], [11, 12, 9], [14, 9, 12]], "class": "Mesh"}}, "0caa1ae59a": {"room0": {"verts": [[0.48953809801026404, 0.2903835876850778, 0.03193153938558152], [0.502145052368972, 0.2924400489007549, 0.03192751374398321], [0.5358318865215205, 0.04942184576039193, 0.03219918537640742], [4.477958414079108, 0.08628070309546876, 0.03162930214542834], [4.554096148418645, 0.699093608225579, 0.030922659467969436], [4.699349046711634, 0.6993746639548917, 0.030902885408693462], [4.906593856871459, 2.307700783567457, 0.029047309250249675], [0.04644615449986878, 2.2451943724412295, 0.02976929665435142], [0.289623015623638, 0.6482613021336693, 0.0315515970772337], [0.4351238361934382, 0.6533587233360943, 0.03152631614483694], [0.46504461618446236, 0.2945434320227048, 2.359641220063194], [0.4971497261726895, 0.2997805627912396, 2.359661646948316], [0.5306057322467737, 0.058381020235185786, 2.363706926281671], [4.477561203020182, 0.09533515739279547, 2.3761110514111494], [4.5523542245682185, 0.6972784573908444, 2.3665452987995867], [4.696487019775227, 0.6975569656502543, 2.3670157236296494], [4.9040087379166994, 2.3078250815070014, 2.3414507492406833], [0.042818510988370334, 2.245304191299389, 2.3264506823539195], [0.28578328595044183, 0.6495054262983707, 2.353264293777614], [0.4112305180477191, 0.6539005134731926, 2.353606039598488]], "faces": [[11, 10, 0], [0, 1, 11], [12, 11, 1], [1, 2, 12], [13, 12, 2], [2, 3, 13], [14, 13, 3], [3, 4, 14], [15, 14, 4], [4, 5, 15], [16, 15, 5], [5, 6, 16], [17, 16, 6], [6, 7, 17], [18, 17, 7], [7, 8, 18], [19, 18, 8], [8, 9, 19], [10, 19, 9], [9, 0, 10], [1, 0, 9], [3, 2, 1], [6, 5, 4], [8, 7, 6], [3, 1, 9], [9, 8, 6], [4, 3, 9], [9, 6, 4], [10, 11, 19], [12, 13, 11], [15, 16, 14], [17, 18, 16], [11, 13, 19], [18, 19, 16], [13, 14, 19], [16, 19, 14]], "class": "Mesh"}}, "a8bf42d646": {"room0": {"verts": [[4.791355854843851, 2.0840674768860072, 0.07113073452122486], [6.953189767382552, 0.13303790320461328, 0.06594489581500966], [9.7442959797776, 3.219651617259829, 0.07203090661344153], [4.581509867947731, 7.908122635343521, 0.0844818647711896], [0.040686803456227404, 2.8585791611288465, 0.0745168368230574], [3.0397860189961605, 0.15709978981544087, 0.06733434727132935], [4.790912012680194, 2.0807264953622018, 3.0884032155557173], [6.9449262974257095, 0.1367399359559892, 3.094612726935906], [9.715763000564696, 3.2009237323240582, 3.097262599659003], [4.56340058453634, 7.880331644552441, 3.082381335822483], [0.04932022394227768, 2.8605125939363276, 3.0780910222202493], [3.046091128376148, 0.16118159429229237, 3.086724975479185]], "faces": [[7, 6, 0], [0, 1, 7], [8, 7, 1], [1, 2, 8], [9, 8, 2], [2, 3, 9], [10, 9, 3], [3, 4, 10], [11, 10, 4], [4, 5, 11], [6, 11, 5], [5, 0, 6], [0, 5, 4], [2, 1, 0], [4, 3, 2], [2, 0, 4], [11, 6, 10], [7, 8, 6], [9, 10, 8], [6, 8, 10]], "class": "Mesh"}}, "cc0aa81452": {"room0": {"verts": [[12.464779642313843, 2.7833397079334783, 0.1632593417065761], [11.915404703718517, 5.103366093409304, 0.16386271547527434], [7.310217771690101, 4.02762950416135, 0.16478460402998593], [6.72510137268982, 6.54143618490975, 0.16543586615055397], [0.0018281993214614393, 4.965871988338915, 0.16678074397788623], [1.1571369288647269, 0.12262083274165854, 0.1655190628546879], [12.467089444919711, 2.786847484733872, 2.6232078786729813], [11.918906655464438, 5.101849135550049, 2.6256176822896204], [7.311098977431539, 4.0255020407343345, 2.624768110323338], [6.724214772356091, 6.546904988066124, 2.6273922009357866], [-0.0022983980286786516, 4.970575541007303, 2.62614677882797], [1.1536280454585581, 0.12475419504748352, 2.6211020445503714]], "faces": [[7, 6, 0], [0, 1, 7], [8, 7, 1], [1, 2, 8], [9, 8, 2], [2, 3, 9], [10, 9, 3], [3, 4, 10], [11, 10, 4], [4, 5, 11], [6, 11, 5], [5, 0, 6], [0, 5, 4], [2, 1, 0], [4, 3, 2], [2, 0, 4], [11, 6, 10], [7, 8, 6], [9, 10, 8], [6, 8, 10]], "class": "Mesh"}}, "e7ac609391": {"room0": {"R": [[0.9344382286071777, -0.3561107814311981, -0.0032075573690235615], [0.356119304895401, 0.9344366788864136, 0.0026531147304922342], [0.0020524568390101194, -0.003621445270255208, 0.9999913573265076]], "t": [-3.358604907989502, -2.959395170211792, -1.2974753379821777], "s": [3.8792366981506348, 1.88180673122406, 2.4478914737701416], "class": "Cuboid"}, "room1": {"verts": [[0.5667346306517987, 5.280892722043974, 0.04768324650310042], [0.0033649037409666247, 3.8454925071342885, 0.047871173024470616], [1.3998218384878698, 3.318248542975014, 0.0543367088741994], [1.5934312310474592, 3.8184148016207318, 0.05426046562280466], [6.443682860451498, 2.0210754260336974, 0.07665938266774167], [8.057330228656346, 6.224274253280831, 0.07596533019019788], [4.01044067269659, 7.757678495475267, 0.05721912841729457], [3.876146872579581, 7.395789206268408, 0.057297391515685976], [3.5199495695394454, 7.5328637974009, 0.0556438199883292], [2.3803606173955014, 4.617295128055477, 0.05604436902909661], [0.5554375673527544, 5.277908207401461, 2.5110943908410017], [-0.011236764117688567, 3.8340733020156548, 2.5098564721333863], [1.3920474028307694, 3.304292189136827, 2.5104603221496173], [1.5921326720884974, 3.8211893833619066, 2.510901671292134], [6.450927540562097, 2.0206651956765334, 2.5130127453863738], [8.059136159713358, 6.2096635590134195, 2.5165807544260406], [4.007511696408688, 7.744764738100747, 2.514840585994505], [3.8721065436447173, 7.37988141236236, 2.5145328661206294], [3.515810275291813, 7.516983412151035, 2.514381100435356], [2.379740981149963, 4.61042578707116, 2.5118921504369918]], "faces": [[11, 10, 0], [0, 1, 11], [12, 11, 1], [1, 2, 12], [13, 12, 2], [2, 3, 13], [14, 13, 3], [3, 4, 14], [15, 14, 4], [4, 5, 15], [16, 15, 5], [5, 6, 16], [17, 16, 6], [6, 7, 17], [18, 17, 7], [7, 8, 18], [19, 18, 8], [8, 9, 19], [10, 19, 9], [9, 0, 10], [1, 0, 9], [3, 2, 1], [5, 4, 3], [7, 6, 5], [9, 8, 7], [3, 1, 9], [9, 7, 5], [5, 3, 9], [10, 11, 19], [12, 13, 11], [14, 15, 13], [16, 17, 15], [18, 19, 17], [11, 13, 19], [17, 19, 15], [13, 15, 19]], "class": "Mesh"}, "room2": {"verts": [[1.1636737614893597, 6.905754908018886, 0.08337809289453839], [0.6634265082183134, 5.614456220927688, 0.08679345588130437], [1.3607304448535216, 5.3736874255787805, 0.08739995646297853], [1.2773506107965795, 5.175163281492606, 0.08792528218792636], [2.298403752154982, 4.7879248090049655, 0.0889045934787894], [2.872480085402536, 6.279527701882869, 0.08495958927911237], [1.1702612719218388, 6.903024430134265, 2.5136044451239488], [0.671381223873413, 5.615302131187527, 2.5111988998913066], [1.3582967086846551, 5.3781221441348555, 2.513030406629682], [1.2732042917387505, 5.175516468408671, 2.512632649497757], [2.309291618723361, 4.782575344689261, 2.5153692186357386], [2.883751079745095, 6.275080480238733, 2.5181463409244347]], "faces": [[7, 6, 0], [0, 1, 7], [8, 7, 1], [1, 2, 8], [9, 8, 2], [2, 3, 9], [10, 9, 3], [3, 4, 10], [11, 10, 4], [4, 5, 11], [6, 11, 5], [5, 0, 6], [0, 5, 4], [2, 1, 0], [4, 3, 2], [2, 0, 4], [11, 6, 10], [7, 8, 6], [9, 10, 8], [6, 8, 10]], "class": "Mesh"}}, "0271889ec0": {"room0": {"verts": [[3.898903160143423, 2.3671262417952357, 0.07073674994984051], [3.516689698302778, 3.879831492197653, 0.0682741390751527], [0.07324544533487627, 2.9979744470242777, 0.07186026199880795], [0.8238769784355437, 0.06723211522444966, 0.07662542998803973], [6.339944815419992, 1.4678846589691477, 0.0709021148779317], [5.9834941738983, 2.8744443008815064, 0.06861292383341483], [3.9431219129072783, 2.3843817699720455, 2.538600277208007], [3.5630630431646777, 3.888529947292199, 2.535769895238555], [0.07325081103971816, 2.9947992667597294, 2.5385636813772163], [0.8228039030527737, 0.06826661331515013, 2.544067567865318], [6.3356788674125415, 1.4681091200944727, 2.5396776747995458], [5.977979725973266, 2.8795977734556097, 2.537021966999783]], "faces": [[7, 6, 0], [0, 1, 7], [8, 7, 1], [1, 2, 8], [9, 8, 2], [2, 3, 9], [10, 9, 3], [3, 4, 10], [11, 10, 4], [4, 5, 11], [6, 11, 5], [5, 0, 6], [0, 5, 4], [2, 1, 0], [4, 3, 2], [2, 0, 4], [11, 6, 10], [7, 8, 6], [9, 10, 8], [6, 8, 10]], "class": "Mesh"}}, "689fec23d7": {"room0": {"R": [[0.7202383875846863, 0.6937265992164612, 8.343219087691978e-05], [-0.6937262415885925, 0.7202379107475281, 0.001105383038520813], [0.0007067426340654492, -0.0008540185517631471, 0.9999994039535522]], "t": [-4.976119518280029, -0.01787237450480461, -1.4294610023498535], "s": [4.977252006530762, 4.710330963134766, 2.7556705474853516], "class": "Cuboid"}}, "5a9cdde1ba": {"room0": {"verts": [[3.3214420540178082, 3.540053184312789, 0.02937309284503639], [3.694617844451687, 1.5233678537669095, 0.03385698372852581], [3.658262176176772, 1.517284598989013, 0.03394986354423384], [3.2864603784688815, 3.5360742365160482, 0.02945756057365978], [0.06266753274346705, 2.954463369606426, 0.037803883888160514], [0.5637980974462107, 0.18197824233182094, 0.04399341489243324], [4.683083386998333, 0.9174094079234755, 0.03334891710088057], [4.168471627143849, 3.692895067217038, 0.027180081175544397], [3.3159838787118394, 3.5436258950349457, 2.412881859937247], [3.689154149279825, 1.5270102874418827, 2.413697724939306], [3.6590892880696897, 1.5219794252445504, 2.413657501837565], [3.288009565446048, 3.536862547567047, 2.4128447508355952], [0.03936810092962667, 2.950765969975141, 2.4085049369914016], [0.5418852198227069, 0.17089491031339818, 2.4096133803960864], [4.68922191717209, 0.9112849096222446, 2.415154942723112], [4.172504087946189, 3.698186739906889, 2.4140260679614443]], "faces": [[9, 8, 0], [0, 1, 9], [10, 9, 1], [1, 2, 10], [11, 10, 2], [2, 3, 11], [12, 11, 3], [3, 4, 12], [13, 12, 4], [4, 5, 13], [14, 13, 5], [5, 6, 14], [15, 14, 6], [6, 7, 15], [8, 15, 7], [7, 0, 8], [0, 7, 6], [4, 3, 2], [6, 5, 4], [1, 0, 6], [6, 4, 2], [2, 1, 6], [15, 8, 14], [11, 12, 10], [13, 14, 12], [8, 9, 14], [12, 14, 10], [9, 10, 14]], "class": "Mesh"}}, "2162a7cf14": {"room0": {"verts": [[0.13250921498518298, 0.6317002862921884, 0.13498898570224938], [0.4079025153000968, 0.634854685850253, 0.13503244324184843], [0.3971544742588984, 0.10896768148900275, 0.1356996981697767], [1.9879617258281232, 0.07907084495530411, 0.13601195307088132], [2.0002668550800577, 0.40522369464999486, 0.13559909651129004], [2.4201650980898637, 0.3964958568183813, 0.135682581396842], [2.4179990656153905, 0.06847591020136666, 0.13609956127067435], [4.0110977529318035, 0.04623989149010209, 0.13640246398575956], [4.022987251498567, 0.5756012557773729, 0.13573098524618354], [4.483287497573137, 0.5682375235860595, 0.13581969883283215], [4.477270659152584, 0.05199959990801527, 0.13647549238190398], [6.057881444433657, 0.024612655430001927, 0.1367827962250419], [6.063180117074479, 0.5396812055276525, 0.13612836672391818], [6.384778552046529, 0.5294717509974395, 0.13619679226914538], [6.43039096775801, 3.116324812115749, 0.1329132953758045], [0.18078600897967712, 3.2324859051418797, 0.13168822111682055], [0.1294547795544119, 0.6350377085367342, 4.401468862671437], [0.40964812611942586, 0.6382479651241991, 4.402621976019879], [0.39900642153983495, 0.11756814992160185, 4.403059351900125], [1.991822407070434, 0.08764628435829014, 4.4096589853719], [2.0042065099936623, 0.4158887858279218, 4.409406675592411], [2.421832563634361, 0.4072123211989498, 4.411137825079294], [2.419654570529226, 0.07738805727703055, 4.411433707457405], [4.009183413842175, 0.05521498341965912, 4.418012615650085], [4.020847974686178, 0.5745663381645494, 4.417580688030866], [4.4899836695792965, 0.5670607968908786, 4.419523284513778], [4.483862252738076, 0.04187797818477158, 4.41998347344214], [6.05949234794293, 0.01456280165742679, 4.42650978828953], [6.064892323913513, 0.5394708282010132, 4.426046876689104], [6.3862219335565955, 0.5292698617165671, 4.427382115184461], [6.431849395756881, 3.11695559555163, 4.425178480671713], [0.1776820360320548, 3.233197705944414, 4.39926627318702]], "faces": [[17, 16, 0], [0, 1, 17], [18, 17, 1], [1, 2, 18], [19, 18, 2], [2, 3, 19], [20, 19, 3], [3, 4, 20], [21, 20, 4], [4, 5, 21], [22, 21, 5], [5, 6, 22], [23, 22, 6], [6, 7, 23], [24, 23, 7], [7, 8, 24], [25, 24, 8], [8, 9, 25], [26, 25, 9], [9, 10, 26], [27, 26, 10], [10, 11, 27], [28, 27, 11], [11, 12, 28], [29, 28, 12], [12, 13, 29], [30, 29, 13], [13, 14, 30], [31, 30, 14], [14, 15, 31], [16, 31, 15], [15, 0, 16], [0, 15, 14], [3, 2, 1], [7, 6, 5], [11, 10, 9], [14, 13, 12], [1, 0, 14], [4, 3, 1], [8, 7, 5], [12, 11, 9], [4, 1, 14], [8, 5, 4], [14, 12, 9], [8, 4, 14], [14, 9, 8], [31, 16, 30], [18, 19, 17], [22, 23, 21], [26, 27, 25], [29, 30, 28], [16, 17, 30], [19, 20, 17], [23, 24, 21], [27, 28, 25], [17, 20, 30], [21, 24, 20], [28, 30, 25], [20, 24, 30], [25, 30, 24]], "class": "Mesh"}}, "1a22a99186": {"room0": {"verts": [[0.1324210030625561, 2.6862307477096996, 0.11860952455484161], [1.1717811574860282, 0.06688153802029065, 0.11841082959514196], [5.055571777833387, 1.594567711625572, 0.11666147592119425], [4.650397981823043, 2.6303530150395393, 0.1167376265192151], [3.8465401035600038, 2.2971261731596004, 0.11710121902533276], [3.9672802204200837, 1.9907272227371848, 0.11707832528883878], [3.9366573900328237, 1.978119528531874, 0.11709216858467675], [3.188196997839866, 3.8941706452245235, 0.11723259910052251], [0.11064705753499202, 2.68089651066624, 2.4829749345221144], [1.1540599327812933, 0.051318989576108365, 2.483357630538387], [5.056706685427289, 1.5863946639261621, 2.48918158130948], [4.637443852197695, 2.6581976514490453, 2.489033674819965], [3.831747511195456, 2.324186674370693, 2.4878247230843207], [3.9637692827929825, 1.989158251130165, 2.487872252314974], [3.933318394049934, 1.9766213499386796, 2.4878265941525712], [3.1836879691440374, 3.895669450883488, 2.4875631820745125]], "faces": [[9, 8, 0], [0, 1, 9], [10, 9, 1], [1, 2, 10], [11, 10, 2], [2, 3, 11], [12, 11, 3], [3, 4, 12], [13, 12, 4], [4, 5, 13], [14, 13, 5], [5, 6, 14], [15, 14, 6], [6, 7, 15], [8, 15, 7], [7, 0, 8], [0, 7, 6], [2, 1, 0], [4, 3, 2], [2, 0, 6], [5, 4, 2], [2, 6, 5], [15, 8, 14], [9, 10, 8], [11, 12, 10], [8, 10, 14], [12, 13, 10], [14, 10, 13]], "class": "Mesh"}}, "e0d1ed2159": {"room0": {"R": [[0.9994766712188721, 0.03234492242336273, -0.0005106822354719043], [-0.03234448283910751, 0.999476432800293, 0.0008465799619443715], [0.0005377974011935294, -0.0008296191226691008, 0.9999995231628418]], "t": [-0.9094235897064209, -0.527370274066925, -1.0995622873306274], "s": [1.7333290576934814, 0.9832209944725037, 2.1426541805267334], "class": "Cuboid"}}, "2150596d57": {"room0": {"verts": [[3.9525889522594357, 2.0963016075989316, 0.16740732529052046], [4.052101225022658, 2.393718565584951, 0.16945768368210687], [0.4989087946399297, 3.346804514281877, 0.16800594771732433], [0.2364291012727007, 2.2450295930854627, 0.16063038356382395], [3.4113402854061956, 1.4148835268818498, 0.16206070601755626], [3.5791656112486834, 1.2857467546882395, 0.16160767104374663], [3.4712247014709807, 0.909690827516627, 0.15905223480809919], [5.516587617779531, 0.35309742498649827, 0.15983856749864994], [5.861744023213719, 1.599286867639855, 0.16828089037495203], [3.960306126254619, 2.088800974687499, 2.747326036500784], [4.056799018544036, 2.3772108357483646, 2.7478737922841643], [0.526832098048998, 3.324217231116605, 2.7210135337972288], [0.2602126805291326, 2.204727611445266, 2.7196914266325836], [3.4507427995541873, 1.3701936212164658, 2.7439561365726735], [3.5719796496414755, 1.2768981874738103, 2.7449147095949082], [3.462261268852667, 0.894662293431566, 2.7443240924317185], [5.500857603328378, 0.3398106979588259, 2.759840913080961], [5.849107138328863, 1.5970563195305354, 2.7616894339658593]], "faces": [[10, 9, 0], [0, 1, 10], [11, 10, 1], [1, 2, 11], [12, 11, 2], [2, 3, 12], [13, 12, 3], [3, 4, 13], [14, 13, 4], [4, 5, 14], [15, 14, 5], [5, 6, 15], [16, 15, 6], [6, 7, 16], [17, 16, 7], [7, 8, 17], [9, 17, 8], [8, 0, 9], [0, 8, 7], [2, 1, 0], [4, 3, 2], [7, 6, 5], [2, 0, 7], [7, 5, 4], [4, 2, 7], [17, 9, 16], [10, 11, 9], [12, 13, 11], [15, 16, 14], [9, 11, 16], [14, 16, 13], [11, 13, 16]], "class": "Mesh"}, "room1": {"R": [[0.96772700548172, -0.2520007789134979, -0.0001189917529700324], [0.2520007789134979, 0.9677264094352722, 0.0010317731648683548], [-0.00014485619612969458, -0.001028460799716413, 0.999999463558197]], "t": [-4.911876201629639, -5.419986248016357, -1.4223721027374268], "s": [2.8078885078430176, 4.398965358734131, 2.4893364906311035], "class": "Cuboid"}}, "ca0c580422": {"room0": {"R": [[0.9988484978675842, 0.047974396497011185, 0.000345847598509863], [-0.04797488823533058, 0.998847246170044, 0.0015932695241644979], [-0.0002690127876121551, -0.0016080267960205674, 0.9999986290931702]], "t": [-2.932657480239868, -1.7311275005340576, -1.8105109930038452], "s": [5.313880443572998, 3.459867477416992, 3.33986234664917], "class": "Cuboid"}}, "666d04a14a": {"room0": {"verts": [[6.08193901728485, 2.857248303928783, 0.1492717997471223], [4.042264187798275, 2.3283201444511232, 0.14647602617851174], [3.6601523630061754, 3.8208817724123563, 0.14932683413366807], [0.1804664267394803, 2.947040514163368, 0.14461769024296955], [0.9292025109092127, 0.004876380910941441, 0.13899444123575674], [6.452415617655574, 1.4105735073538204, 0.14650872829321737], [6.079347945187692, 2.858361162502857, 2.6160366009161553], [4.080445679035341, 2.340006797109855, 2.614207949116521], [3.6996490358840157, 3.827135818002078, 2.6125158787814895], [0.17656743913980308, 2.9423944985373427, 2.609268409958916], [0.9247245949875552, 0.0024326893533423966, 2.6126082476364765], [6.450559967479835, 1.4087984875078314, 2.6176859672293564]], "faces": [[7, 6, 0], [0, 1, 7], [8, 7, 1], [1, 2, 8], [9, 8, 2], [2, 3, 9], [10, 9, 3], [3, 4, 10], [11, 10, 4], [4, 5, 11], [6, 11, 5], [5, 0, 6], [0, 5, 4], [3, 2, 1], [1, 0, 4], [4, 3, 1], [11, 6, 10], [8, 9, 7], [6, 7, 10], [9, 10, 7]], "class": "Mesh"}}, "07f5b601ee": {"room0": {"R": [[0.9593539237976074, 0.2821996510028839, 0.0018702319357544184], [-0.2822010815143585, 0.9593551158905029, 0.0005451952456496656], [-0.0016403626650571823, -0.0010508166160434484, 0.999998152256012]], "t": [-3.4229400157928467, -1.5519981384277344, -1.7195148468017578], "s": [4.792450428009033, 3.624180555343628, 3.2862589359283447], "class": "Cuboid"}}, "28fec555cd": {"room0": {"verts": [[0.11803776831841006, 0.8743919348954384, 0.05325621775218465], [3.309176214857967, 0.19340874891266507, 0.04554900762856878], [3.7295989154815987, 2.2010879018961105, 0.05188246004649713], [3.7648939228696157, 2.193637340561111, 0.051797500810591944], [3.333490483044481, 0.18819461704143708, 0.04549019463212043], [4.192505935792043, 0.0042682068571989135, 0.043413356348982315], [4.774334571952059, 2.7569641615523524, 0.05208805469946624], [0.6973874245379742, 3.6293827444895572, 0.06194309047780763], [0.09462196656537099, 0.8743859095390396, 2.4159070583372984], [3.308381182349172, 0.18854701123800827, 2.4215951736707266], [3.7298960351346855, 2.201444412923083, 2.4216889798258423], [3.7649813863540476, 2.1940381346513362, 2.4217510531132604], [3.332687584993254, 0.18445641861695009, 2.421637854076865], [4.190242349843786, 0.0008368510230528439, 2.423155851991824], [4.773783256016102, 2.7616075598141165, 2.4232937385920215], [0.6759666432766087, 3.6384592141929217, 2.4160401787788284]], "faces": [[9, 8, 0], [0, 1, 9], [10, 9, 1], [1, 2, 10], [11, 10, 2], [2, 3, 11], [12, 11, 3], [3, 4, 12], [13, 12, 4], [4, 5, 13], [14, 13, 5], [5, 6, 14], [15, 14, 6], [6, 7, 15], [8, 15, 7], [7, 0, 8], [0, 7, 6], [2, 1, 0], [5, 4, 3], [2, 0, 6], [6, 5, 3], [3, 2, 6], [15, 8, 14], [9, 10, 8], [12, 13, 11], [8, 10, 14], [13, 14, 11], [10, 11, 14]], "class": "Mesh"}}, "1cefb55d50": {"room0": {"R": [[0.9662972688674927, -0.25742870569229126, 0.00025293068028986454], [0.2574287950992584, 0.9662972092628479, -0.0002286089293193072], [-0.0001855557202361524, 0.00028601582744158804, 0.9999999403953552]], "t": [-1.5740911960601807, -4.196413993835449, -1.4270950555801392], "s": [3.165510654449463, 2.256274938583374, 2.48044490814209], "class": "Cuboid"}, "room1": {"R": [[0.9652354121208191, -0.2613692581653595, 0.0025939529296010733], [0.2613695561885834, 0.9652387499809265, 0.0002336090401513502], [-0.0025648423470556736, 0.0004524926480371505, 0.9999966025352478]], "t": [-5.523196220397949, -4.2060933113098145, -1.4231228828430176], "s": [4.554521560668945, 2.252333164215088, 2.443492889404297], "class": "Cuboid"}, "room2": {"R": [[0.9653102159500122, -0.2610805034637451, -0.003625695826485753], [0.26107731461524963, 0.9653169512748718, -0.0013352901441976428], [0.0038485638797283173, 0.00034238232183270156, 0.9999925494194031]], "t": [-3.7206172943115234, -2.024651527404785, -1.4561254978179932], "s": [1.0067827701568604, 1.5305590629577637, 2.4442312717437744], "class": "Cuboid"}, "room3": {"R": [[0.9723326563835144, -0.23359966278076172, -0.0006964699714444578], [0.2336006611585617, 0.97232985496521, 0.0023193703964352608], [0.00013539442443288863, -0.002417895244434476, 0.999997079372406]], "t": [-1.5914980173110962, -1.9606306552886963, -1.4273964166641235], "s": [3.1836812496185303, 1.4896695613861084, 2.469860553741455], "class": "Cuboid"}}, "8d0f714398": {"room0": {"verts": [[1.605852195693759, 0.23721163708216633, 0.09196191707283873], [1.0497099307175877, 2.212203668310616, 0.08788928674235395], [1.0822723271716925, 2.2211899988709325, 0.08782401215256518], [1.6268104150715323, 0.2433013667384577, 0.09191915884568368], [4.765677152631566, 1.088961681593688, 0.08567714534328244], [4.018922538435564, 3.816741298654487, 0.08002373142510756], [0.0022855052837082667, 2.7338620435124645, 0.0880130848620235], [0.7578731475741394, 0.007777654896748654, 0.09365060156438478], [1.607128353977553, 0.23055090844540863, 2.457338459346925], [1.049650809795776, 2.210282916834385, 2.4553821586720956], [1.0843316204734854, 2.219853841736595, 2.4553499654841726], [1.6299484230044123, 0.23804152151245045, 2.4573158930052386], [4.80844267490596, 1.094369353711528, 2.454389560247521], [4.059697857776857, 3.82962036257643, 2.451673615741317], [0.0011462650280806943, 2.735437558114715, 2.455411064288479], [0.7590261114535004, 0.0010862804727366044, 2.4581204088133353]], "faces": [[9, 8, 0], [0, 1, 9], [10, 9, 1], [1, 2, 10], [11, 10, 2], [2, 3, 11], [12, 11, 3], [3, 4, 12], [13, 12, 4], [4, 5, 13], [14, 13, 5], [5, 6, 14], [15, 14, 6], [6, 7, 15], [8, 15, 7], [7, 0, 8], [0, 7, 6], [4, 3, 2], [6, 5, 4], [1, 0, 6], [6, 4, 2], [2, 1, 6], [15, 8, 14], [11, 12, 10], [13, 14, 12], [8, 9, 14], [12, 14, 10], [9, 10, 14]], "class": "Mesh"}}, "10c8ab99f4": {"room0": {"verts": [[1.022404297018347, 0.3773112042407025, 0.07672063868726359], [1.081336513752901, 0.047364691078026065, 0.07557555150227688], [1.768745797130279, 0.16263191057993082, 0.07387571231582497], [1.7994788470996401, -0.013485947923799594, 0.07326663730637845], [3.4369534084245075, 0.2970031410558719, 0.06932306578927663], [3.1822577157644103, 1.6577140597494222, 0.07408001972054777], [2.8374155142280517, 1.5776442950392262, 0.0748673336057038], [2.808948593344248, 1.7680244687001943, 0.07551162964758477], [1.077478162518089, 1.4258403075355344, 0.07964077915351435], [1.0993451360093083, 1.3338505188609833, 0.07930540195011267], [0.773986390659788, 1.2702438315278013, 0.08008334327005547], [0.7548183451175337, 1.3546283813885687, 0.08038835033634588], [0.05955678629929214, 1.2190947890878143, 0.08205188008784407], [0.25655544380650364, 0.23694411287796316, 0.07857931181614103], [1.0222426249829017, 0.37886440022512535, 2.605093425660279], [1.0810003135964912, 0.049894986804768046, 2.6038000429695156], [1.7867659088880985, 0.16824358196207576, 2.605304056857519], [1.8151941670518061, 0.0053301341034235426, 2.6046625857894363], [3.4540971209728233, 0.3161375503998189, 2.6083058054992176], [3.1994474591618065, 1.6766276737142112, 2.613638087350494], [2.840267971869417, 1.5932190129042418, 2.6127756171493006], [2.811638723120124, 1.7846863373229185, 2.6135363517329324], [1.0745568164424293, 1.4413419616918453, 2.609616611559929], [1.096878372695375, 1.347439814310373, 2.6092553540763497], [0.7646409630373768, 1.282479796441257, 2.6085086245092293], [0.7424761865925681, 1.380056744539212, 2.6088854918534663], [0.04111141046353045, 1.2432975875643555, 2.607310684320909], [0.24314267393663477, 0.23606635267163253, 2.6033822542457346]], "faces": [[15, 14, 0], [0, 1, 15], [16, 15, 1], [1, 2, 16], [17, 16, 2], [2, 3, 17], [18, 17, 3], [3, 4, 18], [19, 18, 4], [4, 5, 19], [20, 19, 5], [5, 6, 20], [21, 20, 6], [6, 7, 21], [22, 21, 7], [7, 8, 22], [23, 22, 8], [8, 9, 23], [24, 23, 9], [9, 10, 24], [25, 24, 10], [10, 11, 25], [26, 25, 11], [11, 12, 26], [27, 26, 12], [12, 13, 27], [14, 27, 13], [13, 0, 14], [0, 13, 12], [2, 1, 0], [4, 3, 2], [6, 5, 4], [8, 7, 6], [12, 11, 10], [2, 0, 12], [6, 4, 2], [9, 8, 6], [2, 12, 10], [9, 6, 2], [2, 10, 9], [27, 14, 26], [15, 16, 14], [17, 18, 16], [19, 20, 18], [21, 22, 20], [25, 26, 24], [14, 16, 26], [18, 20, 16], [22, 23, 20], [26, 16, 24], [20, 23, 16], [24, 16, 23]], "class": "Mesh"}}, "f38b0108a1": {"room0": {"verts": [[7.056727870548015, 2.711923262833658, 0.12283159418819307], [6.860597177406492, 2.727226806705368, 0.12285104590896792], [6.925825462065301, 3.3474210851221, 0.12217655663172347], [0.5107031697805878, 4.034868706058602, 0.12261312473554599], [0.11516885202238646, 0.4155307282603584, 0.12655203329164794], [3.964893828438807, 0.0026866686667045493, 0.12629037463812476], [4.107537874920918, 1.3294972104757732, 0.12484684274733729], [6.877501107388545, 1.025756588912843, 0.12466572082629314], [7.055802884220924, 2.7152594424051757, 2.625016067408517], [6.859376723255489, 2.7305861729538545, 2.6251368371361887], [6.924300876044763, 3.347894976447473, 2.625507031202026], [0.5117496663356894, 4.0350675291174785, 2.6295727944019385], [0.11611878388081565, 0.41486876167737924, 2.6274101825137364], [3.9625777592857925, 0.0023754353387904614, 2.6249712033737267], [4.105307073414311, 1.3299981221191595, 2.6257656194860752], [6.87626460431955, 1.026148308709585, 2.6240041885663405]], "faces": [[9, 8, 0], [0, 1, 9], [10, 9, 1], [1, 2, 10], [11, 10, 2], [2, 3, 11], [12, 11, 3], [3, 4, 12], [13, 12, 4], [4, 5, 13], [14, 13, 5], [5, 6, 14], [15, 14, 6], [6, 7, 15], [8, 15, 7], [7, 0, 8], [0, 7, 6], [3, 2, 1], [5, 4, 3], [1, 0, 6], [6, 5, 3], [3, 1, 6], [15, 8, 14], [10, 11, 9], [12, 13, 11], [8, 9, 14], [13, 14, 11], [9, 11, 14]], "class": "Mesh"}}, "98fe276aa8": {"room0": {"verts": [[4.882494962407551, 3.4617749393846866, 0.07375810870820969], [4.866588746384057, 3.7979861841446207, 0.07363785317761337], [5.301084507388104, 3.817693552165823, 0.07329741351837059], [5.252846977945784, 4.591052478856426, 0.07302971945519879], [0.12080921337914781, 4.270026741706744, 0.0770855783743908], [0.37524570313203087, 0.16329886147584383, 0.07850841476506755], [4.072107164078968, 0.3899021829250639, 0.07558860896704167], [4.082016451657725, 0.18178423126679702, 0.0756629999005593], [5.415472421245455, 0.26737817951430937, 0.07460830772384128], [5.402352558618098, 0.3560941210252739, 0.0745834077081665], [5.517625883340181, 0.3661449731073405, 0.07449118825413029], [5.326022485180013, 3.4856107223871757, 0.07340912758101703], [4.883189192755784, 3.4635989909019873, 3.2010527398577615], [4.866949104231932, 3.806868754576395, 3.201199734661498], [5.3024774373498476, 3.826625302565072, 3.20168594167023], [5.255180586307875, 4.584908726580833, 3.201998150520987], [0.12465360534779707, 4.263997242716195, 3.1962283019613924], [0.38088424699557255, 0.12825453169852077, 3.194523594051272], [4.078006299048474, 0.354793466092576, 3.1986791565521946], [4.086207815537304, 0.1825388102377506, 3.1986054508345325], [5.419535957755906, 0.26812495055752755, 3.2001059765991955], [5.405759390821102, 0.36128200182066117, 3.2001356127389537], [5.505777603549781, 0.37000304113984717, 3.2002492775408444], [5.314331197843626, 3.4867696288401744, 3.201535784425784]], "faces": [[13, 12, 0], [0, 1, 13], [14, 13, 1], [1, 2, 14], [15, 14, 2], [2, 3, 15], [16, 15, 3], [3, 4, 16], [17, 16, 4], [4, 5, 17], [18, 17, 5], [5, 6, 18], [19, 18, 6], [6, 7, 19], [20, 19, 7], [7, 8, 20], [21, 20, 8], [8, 9, 21], [22, 21, 9], [9, 10, 22], [23, 22, 10], [10, 11, 23], [12, 23, 11], [11, 0, 12], [0, 11, 10], [3, 2, 1], [5, 4, 3], [8, 7, 6], [0, 10, 9], [5, 3, 1], [9, 8, 6], [5, 1, 0], [0, 9, 6], [6, 5, 0], [23, 12, 22], [14, 15, 13], [16, 17, 15], [19, 20, 18], [22, 12, 21], [15, 17, 13], [20, 21, 18], [13, 17, 12], [21, 12, 18], [17, 18, 12]], "class": "Mesh"}}, "b08a908f0f": {"room0": {"verts": [[0.3937978569523691, 3.6524533691257384, 0.07292882106585863], [0.4112364359750514, 3.5653156101371306, 0.07286310589449492], [0.09691116889515736, 3.5108436597123127, 0.07258957448623396], [0.7356408692701364, 0.030709052903255266, 0.0699237545862129], [5.666402282610198, 0.938686217819857, 0.07426257744516704], [4.996011616105013, 4.489795028256785, 0.07696944547311282], [0.394353833838228, 3.648155044076374, 2.849695375404107], [0.41111270315301446, 3.564413642015658, 2.849709944945398], [0.09633312928883819, 3.509863228444499, 2.848592973439762], [0.7354162887261408, 0.02779821896943977, 2.848998986662732], [5.663855332777753, 0.9353341223759423, 2.8665148771731284], [4.993747469886004, 4.484964108056473, 2.8660365719368563]], "faces": [[7, 6, 0], [0, 1, 7], [8, 7, 1], [1, 2, 8], [9, 8, 2], [2, 3, 9], [10, 9, 3], [3, 4, 10], [11, 10, 4], [4, 5, 11], [6, 11, 5], [5, 0, 6], [0, 5, 4], [3, 2, 1], [1, 0, 4], [4, 3, 1], [11, 6, 10], [8, 9, 7], [6, 7, 10], [9, 10, 7]], "class": "Mesh"}}, "27be88d408": {"room0": {"verts": [[0.12087410108957054, 1.8085157046806895, 0.16421450714409472], [1.6124289401400018, -0.005203291037591452, 0.16074643451286658], [3.178588170544849, 1.3279629115413794, 0.15668432668235432], [4.120529651680041, 0.21933466091058185, 0.15448940576036155], [5.749834008318624, 1.569790099539835, 0.1502682564682583], [3.359822075453435, 4.481586343169302, 0.15582464459893833], [0.1161927820663309, 1.8094777567782265, 2.5708127323942276], [1.6082323047770795, -0.004841392344308662, 2.5728288072309944], [3.174317508515587, 1.3282691328023362, 2.573264909414814], [4.122486965087118, 0.2123040183179685, 2.574526890899271], [5.753266649364348, 1.5639654901159379, 2.57499995940464], [3.3566508159918476, 4.483813359323102, 2.5717587146591194]], "faces": [[7, 6, 0], [0, 1, 7], [8, 7, 1], [1, 2, 8], [9, 8, 2], [2, 3, 9], [10, 9, 3], [3, 4, 10], [11, 10, 4], [4, 5, 11], [6, 11, 5], [5, 0, 6], [0, 5, 4], [2, 1, 0], [4, 3, 2], [2, 0, 4], [11, 6, 10], [7, 8, 6], [9, 10, 8], [6, 8, 10]], "class": "Mesh"}}, "b119249da7": {"room0": {"verts": [[1.471355184706305, 5.2817843602779, 0.27969187635740467], [0.07944310548065281, 3.252758704025337, 0.27919347130822525], [4.711828643276707, 0.014354377600571481, 0.27086930676166965], [7.5381988831471425, 4.110300765655323, 0.2718572459390899], [4.17711067788809, 6.467593231323258, 0.27790457226654774], [2.761385024165471, 4.374139689228604, 0.27736795056371544], [1.4725663638695268, 5.2655987137545495, 2.6698389716731024], [0.08003038851564089, 3.2356400156073644, 2.672478963955032], [4.718293096063976, -0.00684676418986787, 2.660397961685344], [7.550270521801423, 4.097306949485623, 2.6550211195819595], [4.175897701669609, 6.463911385273187, 2.66381266490327], [2.7552281631979745, 4.3631447009888715, 2.6664962008280155]], "faces": [[7, 6, 0], [0, 1, 7], [8, 7, 1], [1, 2, 8], [9, 8, 2], [2, 3, 9