{"39f36da05b": {"R": [[0.9999074935913086, -0.013599127531051636, 0.00041068060090765357], [0.013598503544926643, 0.9999064803123474, 0.0014862118987366557], [-0.00043085336801595986, -0.0014804897364228964, 0.9999988675117493]], "t": [-2.4620933532714844, -2.1303820610046387, -1.7028218507766724], "s": [4.78191614151001, 3.633260726928711, 3.3062777519226074]}, "08bbbdcc3d": {"R": [[0.998241662979126, 0.059275805950164795, -3.277298674220219e-05], [-0.05927576497197151, 0.9982413649559021, 0.0007616208167746663], [7.786103378748521e-05, -0.0007583389524370432, 0.9999997019767761]], "t": [-4.262731075286865, -3.7671496868133545, -1.6787396669387817], "s": [7.356101036071777, 7.3438568115234375, 3.279698133468628]}, "ef18cf0708": {"R": [[0.9999997615814209, -0.00034401987795718014, 0.0005966405151411891], [0.00034425154444761574, 0.9999998807907104, -0.00038822522037662566], [-0.0005965068703517318, 0.0003884305479004979, 0.9999997615814209]], "t": [-3.756592035293579, -1.9106546640396118, -1.772591471672058], "s": [7.343958377838135, 3.6162827014923096, 3.2850284576416016]}, "56a0ec536c": {"R": [[0.9998994469642639, 0.014171076938509941, -0.00047928778803907335], [-0.014170792885124683, 0.9998993873596191, 0.0005912049673497677], [0.00048761762445792556, -0.000584353634621948, 0.9999997019767761]], "t": [-2.459581136703491, -1.876794695854187, -1.469723105430603], "s": [4.783910274505615, 3.617534637451172, 2.804474353790283]}, "0c5385e84b": {"R": [[0.9997473955154419, -0.022473130375146866, 0.00040805942262522876], [0.0224737711250782, 0.9997460842132568, -0.0016357426065951586], [-0.0003711955505423248, 0.0016444999491795897, 0.9999985694885254]], "t": [-2.6832966804504395, -0.9819349050521851, -1.3222252130508423], "s": [4.740950107574463, 1.7235499620437622, 2.53507137298584]}, "210f741378": {"R": [[0.9890234470367432, 0.14775705337524414, -0.0006842496804893017], [-0.14775797724723816, 0.9890223145484924, -0.0015606072265654802], [0.0004461474309209734, 0.0016445803921669722, 0.9999985098838806]], "t": [-4.594536781311035, -2.992418050765991, -1.7434327602386475], "s": [7.341152667999268, 6.125155925750732, 3.269965410232544]}, "daffc70503": {"R": [[0.9995376467704773, -0.030338328331708908, -0.0020127997267991304], [0.03033510595560074, 0.9995384812355042, -0.00161203823518008], [0.002060777274891734, 0.0015502342721447349, 0.9999966621398926]], "t": [-2.173585891723633, -2.088839530944824, -1.7723370790481567], "s": [4.258157253265381, 3.615227222442627, 3.2943031787872314]}, "be0ed6b33c": {"R": [[0.9999285936355591, -0.01193770207464695, 0.0005382733652368188], [0.011938151903450489, 0.99992835521698, -0.0008403482497669756], [-0.0005282030324451625, 0.0008467142470180988, 0.9999995231628418]], "t": [-1.8043726682662964, -1.2595906257629395, -1.6974149942398071], "s": [3.399378776550293, 2.419766902923584, 3.284060001373291]}, "25aa952aa3": {"R": [[0.9968971014022827, 0.07870990037918091, 0.0009864192688837647], [-0.0787082090973854, 0.9968963265419006, -0.0016539940843358636], [-0.0011135434033349156, 0.0015712226741015911, 0.999998152256012]], "t": [-1.2442911863327026, -0.8876751661300659, -1.6647751331329346], "s": [2.1478254795074463, 1.4598724842071533, 3.300457239151001]}, "f8f12e4e6b": {"R": [[0.998661458492279, -0.05168532207608223, 0.0019523471128195524], [0.05168454349040985, 0.9986633062362671, 0.00044666515896096826], [-0.0019728236366063356, -0.00034516112646088004, 0.9999979734420776]], "t": [-2.402193546295166, -2.082975149154663, -1.7580374479293823], "s": [4.78688907623291, 3.6217472553253174, 3.291377305984497]}, "a08dda47a8": {"R": [[0.9810966849327087, -0.1935165971517563, 0.0007439478067681193], [0.1935165375471115, 0.9810969829559326, 0.00015687545237597078], [-0.0007602429832331836, -9.94379024632508e-06, 0.9999997019767761]], "t": [-2.2184181213378906, -2.7758665084838867, -1.647276520729065], "s": [4.7951531410217285, 3.6240103244781494, 3.291257381439209]}, "09bced689e": {"R": [[0.9999996423721313, 0.0005956223467364907, 0.0006109669338911772], [-0.0005949558108113706, 0.9999992251396179, -0.0010905464878305793], [-0.0006116160075180233, 0.0010901825735345483, 0.9999992251396179]], "t": [-2.424922466278076, -2.053957939147949, -2.208956003189087], "s": [4.778138637542725, 3.6346490383148193, 4.201009750366211]}, "4ba22fa7e4": {"R": [[0.9935697913169861, 0.11320009082555771, 0.002187042497098446], [-0.11319700628519058, 0.9935714602470398, -0.001486014574766159], [-0.0023412001319229603, 0.0012288924772292376, 0.9999964833259583]], "t": [-2.77698016166687, -1.807265043258667, -2.203007936477661], "s": [4.710081577301025, 3.6373531818389893, 4.203166961669922]}, "f8062cb7ce": {"R": [[0.9998959302902222, 0.014388606883585453, 0.0010479058837518096], [-0.014388687908649445, 0.9998964667320251, 6.918803410371765e-05], [-0.0010468019172549248, -8.425882697338238e-05, 0.999999463558197]], "t": [-2.480053424835205, -1.8113093376159668, -2.1075263023376465], "s": [4.793243885040283, 3.619102954864502, 4.197690486907959]}, "d6702c681d": {"R": [[0.9893677234649658, -0.14542770385742188, -0.0015227677067741752], [0.14542528986930847, 0.9893679618835449, -0.001589899300597608], [0.0017377928597852588, 0.0013515461469069123, 0.999997615814209]], "t": [-2.488006353378296, -2.5444960594177246, -1.7178010940551758], "s": [4.875751495361328, 3.6185085773468018, 3.283933162689209]}, "0b031f3119": {"R": [[0.9970147013664246, -0.07721070945262909, 0.00041239880374632776], [0.07721102982759476, 0.9970144033432007, -0.0008217289578169584], [-0.0003477212740108371, 0.0008511175983585417, 0.9999995827674866]], "t": [-3.740659236907959, -3.0889575481414795, -1.6697026491165161], "s": [7.387857913970947, 4.876000881195068, 3.2704269886016846]}, "66c98f4a9b": {"R": [[0.99086594581604, -0.13485009968280792, -0.00036255313898436725], [0.1348496973514557, 0.9908655881881714, -0.0009692931780591607], [0.0004899507039226592, 0.0009115493739955127, 0.999999463558197]], "t": [-1.653790831565857, -1.6566795110702515, -1.6724205017089844], "s": [3.3959383964538574, 2.4028470516204834, 3.2849786281585693]}, "e1b1d9de55": {"R": [[0.9904705882072449, 0.13768911361694336, 0.0031129217240959406], [-0.1376853883266449, 0.990475058555603, -0.0013791145756840706], [-0.0032731604296714067, 0.0009373686043545604, 0.9999942183494568]], "t": [-2.8621463775634766, -1.7543959617614746, -1.7335020303726196], "s": [4.704568386077881, 3.6270484924316406, 3.2942020893096924]}, "aaa11940d3": {"R": [[0.9980162978172302, -0.06294450163841248, 0.0012044261675328016], [0.0629446730017662, 0.9980170130729675, -0.00010770979133667424], [-0.001195258111692965, 0.00018330833700019866, 0.9999992847442627]], "t": [-2.397407054901123, -2.1401262283325195, -1.7346789836883545], "s": [4.7722039222717285, 3.6237027645111084, 3.294475793838501]}, "6d89a7320d": {"R": [[0.9970109462738037, -0.077251136302948, 0.0012107184156775475], [0.07724982500076294, 0.9970111846923828, 0.0010924612870439887], [-0.0012914936523884535, -0.0009956680005416274, 0.9999986886978149]], "t": [-2.3954575061798096, -2.22491192817688, -1.7363370656967163], "s": [4.783645153045654, 3.628324508666992, 3.2962286472320557]}, "fd361ab85f": {"R": [[0.9968637228012085, 0.07912737131118774, 0.0012463857419788837], [-0.07912614941596985, 0.9968640804290771, -0.0010030033299699426], [-0.0013218421954661608, 0.0009012359078042209, 0.9999986886978149]], "t": [-2.692568778991699, -1.8521394729614258, -1.7020212411880493], "s": [4.772731304168701, 3.622852087020874, 3.295804738998413]}, "8d563fc2cc": {"R": [[0.9995293617248535, -0.030637141317129135, 0.0015826653689146042], [0.03063805401325226, 0.9995303750038147, -0.0005552676157094538], [-0.001564910402521491, 0.0006034960970282555, 0.9999986290931702]], "t": [-2.4087162017822266, -2.028719186782837, -1.7110509872436523], "s": [4.778374195098877, 3.6271376609802246, 3.295994281768799]}, "116456116b": {"R": [[0.9950929880142212, 0.09894361346960068, -0.0003305660211481154], [-0.0989433228969574, 0.9950926899909973, 0.0008099694969132543], [0.0004090851580258459, -0.0007732877274975181, 0.9999996423721313]], "t": [-2.776834487915039, -1.7916265726089478, -1.7740492820739746], "s": [4.807464599609375, 3.6262974739074707, 3.5066072940826416]}, "fe1733741f": {"R": [[0.9995980262756348, 0.028346266597509384, 0.00048264136421494186], [-0.028344109654426575, 0.9995901584625244, -0.004006927367299795], [-0.0005960250273346901, 0.003991636447608471, 0.9999918341636658]], "t": [-5.800975322723389, -2.6650326251983643, -2.228750705718994], "s": [11.119071960449219, 4.7713470458984375, 4.191110134124756]}, "30f4a2b44d": {"R": [[0.9999198913574219, 0.012653874233365059, 0.00042373730684630573], [-0.012654157355427742, 0.9999197125434875, 0.0006723522092215717], [-0.00041519541991874576, -0.0006776603404432535, 0.9999997019767761]], "t": [-2.391242742538452, -1.8642446994781494, -1.7043242454528809], "s": [4.657508373260498, 3.622830867767334, 3.278186321258545]}, "9471b8d485": {"R": [[0.8183485865592957, 0.5747174620628357, -0.002321142004802823], [-0.5747203826904297, 0.8183494210243225, -0.0008468602900393307], [0.0014127996983006597, 0.0020270345266908407, 0.9999969601631165]], "t": [-4.263184070587158, -0.6942437291145325, -1.7320902347564697], "s": [4.4102678298950195, 3.6198275089263916, 3.272106170654297]}, "98b4ec142f": {"R": [[0.9985612630844116, 0.05362243950366974, -9.56260846578516e-05], [-0.05362248048186302, 0.9985611438751221, -0.0005045220605097711], [6.843479059170932e-05, 0.0005089238984510303, 0.9999998807907104]], "t": [-4.9516472816467285, -2.401843547821045, -1.702378749847412], "s": [9.236028671264648, 4.780182838439941, 3.3031153678894043]}, "2e74812d00": {"R": [[0.9993520975112915, 0.035992033779621124, -0.00022975876345299184], [-0.035992156714200974, 0.9993519186973572, -0.0005518338875845075], [0.00020974823564756662, 0.0005597458221018314, 0.9999998211860657]], "t": [-3.9081640243530273, -2.6152150630950928, -1.6968903541564941], "s": [7.3699870109558105, 4.787966728210449, 3.2978217601776123]}, "ccfd3ed9c7": {"R": [[0.9994370341300964, 0.03351727873086929, 0.0014952035853639245], [-0.03351655229926109, 0.9994380474090576, -0.0005099499830976129], [-0.0015114553971216083, 0.0004595488135237247, 0.9999987483024597]], "t": [-2.5450007915496826, -1.926267147064209, -1.7369961738586426], "s": [4.793302536010742, 3.6320507526397705, 3.2940638065338135]}, "c8f2218ee2": {"R": [[0.9999288320541382, -0.011629295535385609, 0.002651671413332224], [0.01162574253976345, 0.9999314546585083, 0.0013514095917344093], [-0.0026672056410461664, -0.0013204857241362333, 0.9999955296516418]], "t": [-2.452667236328125, -0.9946621656417847, -1.7056190967559814], "s": [4.793700218200684, 1.7331466674804688, 3.302061080932617]}, "281bc17764": {"R": [[0.9969349503517151, 0.07820674777030945, 0.0021043848246335983], [-0.07820495218038559, 0.9969368577003479, -0.0009252422605641186], [-0.002170299179852009, 0.0007578330696560442, 0.9999973773956299]], "t": [-2.660489320755005, -1.9203120470046997, -1.74142587184906], "s": [4.6697587966918945, 3.6224076747894287, 3.295727252960205]}, "ab6983ae6c": {"R": [[0.9999911189079285, -0.004219801165163517, -0.00018731944146566093], [0.0042195748537778854, 0.9999904036521912, -0.0011909800814464688], [0.00019234333012718707, 0.0011901790276169777, 0.9999992847442627]], "t": [-3.746612071990967, -2.642141580581665, -1.748839020729065], "s": [7.372160911560059, 4.792709827423096, 3.2963180541992188]}, "260db9cf5a": {"R": [[0.99924236536026, -0.038861580193042755, 0.0021345678251236677], [0.038859590888023376, 0.9992442727088928, 0.0009670552681200206], [-0.002170535735785961, -0.0008833741885609925, 0.9999973177909851]], "t": [-2.307490110397339, -2.048577308654785, -1.7344006299972534], "s": [4.59171724319458, 3.619384288787842, 3.292173147201538]}, "c0c863b72d": {"R": [[0.9992173314094543, -0.03947931528091431, 0.0024806619621813297], [0.039478376507759094, 0.9992203116416931, 0.00042684361687861383], [-0.002495579421520233, -0.0003285770071670413, 0.9999968409538269]], "t": [-2.35508131980896, -2.0519180297851562, -1.7097163200378418], "s": [4.679599285125732, 3.623157262802124, 3.280639410018921]}, "d2f44bf242": {"R": [[0.994773805141449, -0.10210303217172623, -9.155135921901092e-05], [0.10210303962230682, 0.9947723150253296, 0.0017176811816170812], [-8.430770685663447e-05, -0.0017180519644171, 0.9999985098838806]], "t": [-2.331613063812256, -2.3933959007263184, -1.681439757347107], "s": [4.768392086029053, 3.6207680702209473, 3.280282735824585]}, "8e00ac7f59": {"R": [[0.9786651134490967, 0.20544594526290894, 0.002553714904934168], [-0.2054441273212433, 0.9786683917045593, -0.000957292621023953], [-0.0026959117967635393, 0.0004122231912333518, 0.9999963045120239]], "t": [-2.975226640701294, -1.6559175252914429, -1.8698058128356934], "s": [4.472104072570801, 3.6303744316101074, 3.2759077548980713]}, "07ff1c45bb": {"R": [[0.9907782077789307, -0.13548730313777924, 0.001290447311475873], [0.13548681139945984, 0.9907789826393127, 0.0004660070117097348], [-0.0013416862348094583, -0.0002868710143957287, 0.9999990463256836]], "t": [-2.302827835083008, -2.4935176372528076, -1.6644361019134521], "s": [4.7774200439453125, 3.6253609657287598, 3.2777953147888184]}, "ad2d07fd11": {"R": [[0.9803305268287659, -0.1973608434200287, 0.0008562383591197431], [0.19736206531524658, 0.980329155921936, -0.001713786507025361], [-0.0005011610919609666, 0.0018490662332624197, 0.999998152256012]], "t": [-2.1728742122650146, -2.7906739711761475, -1.7398687601089478], "s": [4.72999382019043, 3.6267776489257812, 3.2734968662261963]}, "1b9692f0c7": {"R": [[0.9975261688232422, -0.07023520767688751, 0.0029226343613117933], [0.07023071497678757, 0.9975295066833496, 0.0016115463804453611], [-0.0030286009423434734, -0.0014023010153323412, 0.9999944567680359]], "t": [-2.4438042640686035, -1.1261646747589111, -1.688254475593567], "s": [4.798052787780762, 1.7525101900100708, 3.279947519302368]}, "0d41f3a279": {"R": [[0.9998847842216492, -0.015003093518316746, 0.0023170476779341698], [0.01500287652015686, 0.9998874664306641, 0.00011103120050393045], [-0.002318452810868621, -7.625601574545726e-05, 0.9999973177909851]], "t": [-2.4191863536834717, -0.9720662236213684, -1.6957980394363403], "s": [4.781106472015381, 1.7567940950393677, 3.2921817302703857]}, "f07340dfea": {"R": [[0.9961479902267456, 0.08766957372426987, 0.0017993076471611857], [-0.08766905218362808, 0.9961495995521545, -0.00036426790757104754], [-0.0018243147060275078, 0.00020512114861048758, 0.9999983310699463]], "t": [-3.2195773124694824, -2.636587381362915, -1.6876983642578125], "s": [5.498979568481445, 4.786684989929199, 3.30587100982666]}, "94ee15e8ba": {"R": [[0.9942157864570618, 0.1073991134762764, 0.0005871381727047265], [-0.107399120926857, 0.9942159652709961, -1.0205083526670933e-05], [-0.0005848382133990526, -5.2912073442712426e-05, 0.9999998211860657]], "t": [-2.7900383472442627, -1.7927606105804443, -1.675331711769104], "s": [4.788177013397217, 3.625791549682617, 3.2991673946380615]}, "bd9305480d": {"R": [[0.9978120923042297, -0.06611160188913345, -0.00048780872020870447], [0.06611182540655136, 0.9978120923042297, 0.0004626884765457362], [0.0004561523674055934, -0.0004939261125400662, 0.9999997615814209]], "t": [-1.6977720260620117, -1.474403977394104, -1.6484403610229492], "s": [3.4065356254577637, 2.42354679107666, 3.2794690132141113]}, "2a496183e1": {"R": [[0.9898408055305481, 0.14217694103717804, 0.0009850752539932728], [-0.1421772986650467, 0.9898412227630615, 0.00029068373260088265], [-0.0009337394731119275, -0.00042778594070114195, 0.9999995231628418]], "t": [-2.920846939086914, -1.732888102531433, -1.6947221755981445], "s": [4.652209758758545, 3.623979091644287, 3.2760915756225586]}, "1366d5ae89": {"R": [[0.9831368327140808, -0.1828693300485611, 0.0008293792488984764], [0.18286967277526855, 0.9831370711326599, -0.00038586140726692975], [-0.0007448312826454639, 0.0005310228443704545, 0.9999995827674866]], "t": [-2.258906126022339, -2.7224676609039307, -1.703525185585022], "s": [4.838563919067383, 3.625546455383301, 3.288721799850464]}, "1a8e0d78c0": {"R": [[0.9973100423812866, 0.07329801470041275, -0.00014733002171851695], [-0.0732981413602829, 0.9973092079162598, -0.0012719051446765661], [5.3705469326814637e-05, 0.0012792828492820263, 0.9999991655349731]], "t": [-2.659148693084717, -1.781822919845581, -1.7359379529953003], "s": [4.7529215812683105, 3.622671365737915, 3.291457414627075]}, "c06a983e63": {"R": [[0.9940611720085144, 0.10881146043539047, 0.0015462308656424284], [-0.10880924761295319, 0.9940615296363831, -0.0014509867178276181], [-0.0016949328128248453, 0.0012741254176944494, 0.9999977350234985]], "t": [-2.8214707374572754, -1.9108772277832031, -1.668574333190918], "s": [4.79796838760376, 3.6228373050689697, 3.2857539653778076]}, "8b2c0938d6": {"R": [[0.9997877478599548, -0.02056984230875969, 0.00113952299579978], [0.020572032779455185, 0.9997864961624146, -0.0019467957317829132], [-0.0010992344468832016, 0.0019698250107467175, 0.9999974966049194]], "t": [-2.448153018951416, -1.99881911277771, -1.6864172220230103], "s": [4.680107116699219, 3.628636360168457, 3.286127805709839]}, "59e3f1ea37": {"R": [[0.972296953201294, 0.23374661803245544, 0.001081189140677452], [-0.2337460219860077, 0.9722974896430969, -0.000658057164400816], [-0.0012050560908392072, 0.00038710329681634903, 0.9999992251396179]], "t": [-3.290726900100708, -1.6136845350265503, -1.7385106086730957], "s": [4.91390323638916, 3.6322073936462402, 3.2823777198791504]}, "f248c2bcdc": {"R": [[0.9955518841743469, -0.09421298652887344, -0.0005766776157543063], [0.0942130833864212, 0.9955520629882812, 0.00014757330063730478], [0.0005602092132903636, -0.00020124745788052678, 0.9999998211860657]], "t": [-3.912339687347412, -2.9672000408172607, -1.611962080001831], "s": [7.2960205078125, 4.7029008865356445, 3.153798818588257]}, "ed2216380b": {"R": [[0.9963394403457642, -0.08546200394630432, -0.001997639425098896], [0.08546214550733566, 0.9963414072990417, -1.3454293366521597e-05], [0.001991480588912964, -0.0001573175104567781, 0.9999980330467224]], "t": [-2.5993363857269287, -2.245117664337158, -1.4517844915390015], "s": [4.883233070373535, 3.4177935123443604, 2.751554012298584]}, "260fa55d50": {"R": [[0.9994228482246399, -0.03396673873066902, 0.0005524627631530166], [0.03396693989634514, 0.9994229078292847, -0.0003556689480319619], [-0.0005400630179792643, 0.0003742291301023215, 0.9999998211860657]], "t": [-2.9108054637908936, -2.5346615314483643, -1.841076135635376], "s": [5.555268287658691, 4.655859470367432, 3.575582981109619]}, "0a5c013435": {"R": [[0.9989553093910217, -0.045692138373851776, 0.0007400290342047811], [0.04568616673350334, 0.9989333152770996, 0.0067056929692626], [-0.0010456371819600463, -0.006664878223091364, 0.9999772310256958]], "t": [-1.3618152141571045, -1.2225494384765625, -1.832612156867981], "s": [2.643911600112915, 1.5427205562591553, 3.5678951740264893]}, "b20a261fdf": {"R": [[0.9996762871742249, -0.02543199062347412, 0.0006703590042889118], [0.025432119145989418, 0.999676525592804, -0.0001857570605352521], [-0.0006654179887846112, 0.00020274559210520238, 0.9999997615814209]], "t": [-2.906879425048828, -2.9510717391967773, -1.8550152778625488], "s": [5.784066677093506, 5.441516399383545, 3.5738978385925293]}, "8b5caf3398": {"R": [[0.9999640583992004, 0.008477217517793179, 0.00019507762044668198], [-0.008477439172565937, 0.9999634027481079, 0.0011651917593553662], [-0.0001851928827818483, -0.001166803645901382, 0.9999993443489075]], "t": [-2.814445734024048, -1.9878718852996826, -1.535647988319397], "s": [5.287873268127441, 3.5468528270721436, 2.892892599105835]}, "e0abd740ba": {"R": [[0.9993817806243896, 0.035123731940984726, 0.0015151087427511811], [-0.03512271121144295, 0.999382734298706, -0.0006965533248148859], [-0.0015386390732601285, 0.0006429080385714769, 0.9999986290931702]], "t": [-2.9985547065734863, -1.8823251724243164, -1.5295038223266602], "s": [5.293805122375488, 3.509617328643799, 2.8941004276275635]}, "f34d532901": {"R": [[0.9432790875434875, -0.3320009112358093, -0.00015997837181203067], [0.3320009112358093, 0.9432785511016846, 0.0009567724773660302], [-0.00016674514336045831, -0.0009556164150126278, 0.9999995231628418]], "t": [-2.0773801803588867, -4.495100498199463, -1.5073422193527222], "s": [5.344897747039795, 5.249897003173828, 2.896437883377075]}, "302a7f6b67": {"R": [[0.9992507100105286, -0.03870074450969696, 0.0004700893478002399], [0.0387006551027298, 0.9992508292198181, 0.0001959534565685317], [-0.00047732071834616363, -0.00017761388153303415, 0.9999998807907104]], "t": [-2.808993101119995, -1.865268349647522, -1.631859302520752], "s": [5.389890193939209, 3.317986011505127, 3.1185038089752197]}, "e898c76c1f": {"R": [[0.9925278425216675, 0.1220148429274559, -0.0009221546933986247], [-0.12201406806707382, 0.9925280213356018, 0.0008459609234705567], [0.0010184841230511665, -0.000727123930118978, 0.9999992251396179]], "t": [-3.467853546142578, -1.9917824268341064, -1.6151857376098633], "s": [5.6456217765808105, 4.030834197998047, 3.1030685901641846]}, "80ffca8a48": {"R": [[0.9989048838615417, -0.04677819088101387, 0.0009414622909389436], [0.04677817225456238, 0.9989053010940552, 4.3684816773748025e-05], [-0.0009424751624464989, 4.029068918498524e-07, 0.9999995827674866]], "t": [-4.523176670074463, -3.361729383468628, -1.7165335416793823], "s": [8.654682159423828, 5.627277374267578, 3.1126461029052734]}, "c856c41c99": {"R": [[0.9382696747779846, 0.345904678106308, -0.00014175914111547172], [-0.345904678106308, 0.9382696747779846, -1.353417246718891e-05], [0.00012832676293328404, 6.17338519077748e-05, 1.0]], "t": [-3.387463331222534, -1.4161720275878906, -1.3247512578964233], "s": [4.300478458404541, 3.5718300342559814, 2.5077099800109863]}, "c173f62b15": {"R": [[0.9990149736404419, 0.04437122493982315, 0.0005367256235331297], [-0.0443711131811142, 0.9990150928497314, -0.0002215264248661697], [-0.000546026392839849, 0.00019749310740735382, 0.9999998807907104]], "t": [-5.334856033325195, -2.5519237518310547, -1.3099228143692017], "s": [10.226680755615234, 4.450101852416992, 2.4590160846710205]}, "e8ea9b4da8": {"R": [[0.9970771074295044, 0.07637184113264084, 0.0021377154625952244], [-0.07637127488851547, 0.9970794320106506, -0.000344111118465662], [-0.002157752402126789, 0.00017984527221415192, 0.9999976754188538]], "t": [-2.361332893371582, -1.6989271640777588, -1.3450409173965454], "s": [4.112376689910889, 3.446467638015747, 2.539794683456421]}, "25927bb04c": {"R": [[0.9997664093971252, -0.021597830578684807, -0.0007585241110064089], [0.021598096936941147, 0.9997666478157043, 0.0003433378296904266], [0.0007509317947551608, -0.0003596403112169355, 0.9999996423721313]], "t": [-1.8854091167449951, -1.4172955751419067, -1.3532637357711792], "s": [3.732250213623047, 2.464207172393799, 2.5618114471435547]}, "c0f5742640": {"R": [[0.9933176040649414, 0.11541277170181274, -0.00012550495739560574], [-0.11541283875703812, 0.993316650390625, -0.001370975747704506], [-3.356194429215975e-05, 0.001376299187541008, 0.9999990463256836]], "t": [-2.2740604877471924, -1.6931952238082886, -1.6184884309768677], "s": [3.4479334354400635, 3.201261520385742, 3.0005736351013184]}, "d415cc449b": {"R": [[0.9997857213020325, -0.020686503499746323, -0.0007575462805107236], [0.020686456933617592, 0.9997860193252563, -7.034260488580912e-05], [0.0007588393054902554, 5.46565861441195e-05, 0.9999997019767761]], "t": [-3.4110562801361084, -1.960580825805664, -2.4703125953674316], "s": [6.803325176239014, 3.3579328060150146, 4.769261360168457]}, "f25f5e6f63": {"R": [[0.9828309416770935, -0.18450778722763062, -0.0003760380786843598], [0.18450503051280975, 0.9828240275382996, -0.003848193446174264], [0.001079601002857089, 0.0037127425894141197, 0.9999924898147583]], "t": [-3.673720359802246, -4.362630367279053, -1.5557284355163574], "s": [7.779362678527832, 5.4799652099609375, 2.7282440662384033]}, "dfac5b38df": {"R": [[0.9999780654907227, -0.006612347438931465, 0.0003376781241968274], [0.006611746735870838, 0.9999765753746033, 0.0017508819000795484], [-0.0003492476826068014, -0.0017486109863966703, 0.9999983906745911]], "t": [-3.0633926391601562, -2.0220820903778076, -1.4358232021331787], "s": [6.014111042022705, 3.8095126152038574, 2.7453317642211914]}, "16c9bd2e1e": {"R": [[0.9997126460075378, 0.023964114487171173, 0.000583083659876138], [-0.023962868377566338, 0.9997106790542603, -0.0020607304759323597], [-0.0006322985864244401, 0.0020461659878492355, 0.9999977350234985]], "t": [-2.1082088947296143, -1.6473655700683594, -1.2679762840270996], "s": [4.075738430023193, 3.1711132526397705, 2.457789421081543]}, "7eac902fd5": {"R": [[0.9883462190628052, 0.1522148698568344, -0.0015293338801711798], [-0.15221594274044037, 0.988347053527832, -0.0006011454970575869], [0.0014200094155967236, 0.000826928939204663, 0.9999986290931702]], "t": [-1.5859850645065308, -0.9625756144523621, -1.453513741493225], "s": [2.559886932373047, 2.0040197372436523, 2.7653446197509766]}, "8133208cb6": {"R": [[0.9999948143959045, -0.0029479381628334522, 0.001308759325183928], [0.002947504399344325, 0.9999955892562866, 0.0003332854248583317], [-0.001309736049734056, -0.00032942614052444696, 0.9999991059303284]], "t": [-3.0854434967041016, -1.873935580253601, -1.7803093194961548], "s": [5.815674304962158, 3.462883234024048, 3.416238307952881]}, "4422722c49": {"R": [[0.9996669888496399, 0.02578047104179859, -0.0011348271509632468], [-0.025780485942959785, 0.9996676445007324, 1.5661335055483505e-06], [0.0011344903614372015, 2.7690784918377176e-05, 0.9999993443489075]], "t": [-3.1061644554138184, -1.9542629718780518, -1.8292077779769897], "s": [5.84870719909668, 3.4537460803985596, 3.425733804702759]}, "1b75758486": {"R": [[0.9955569505691528, 0.09415947645902634, 0.0006207207916304469], [-0.0941588431596756, 0.9955567121505737, -0.0009796441299840808], [-0.0007102055242285132, 0.00091684510698542, 0.9999993443489075]], "t": [-4.336789608001709, -2.964048147201538, -1.8788284063339233], "s": [7.070201873779297, 5.821003437042236, 3.27583384513855]}, "4c5c60fa76": {"R": [[0.9983761310577393, -0.0569576770067215, 0.0009360890835523605], [0.0569571852684021, 0.9983764886856079, 0.0005465862923301756], [-0.000965701590757817, -0.0004923816886730492, 0.9999994039535522]], "t": [-2.974140167236328, -2.1024513244628906, -1.8281276226043701], "s": [5.781683444976807, 3.4566731452941895, 3.41214919090271]}, "7e7cd69a59": {"R": [[0.9996821880340576, -0.025208022445440292, 0.0003720638924278319], [0.025207608938217163, 0.9996817111968994, 0.0010750594083219767], [-0.00039904555887915194, -0.0010653388453647494, 0.9999994039535522]], "t": [-8.02274227142334, -4.765293121337891, -2.106551170349121], "s": [15.450461387634277, 6.977544784545898, 3.378549575805664]}, "6cc2231b9c": {"R": [[0.9995071291923523, 0.031342945992946625, 0.001770276459865272], [-0.0313439816236496, 0.9995085597038269, 0.0005587487830780447], [-0.0017518935492262244, -0.0006139609031379223, 0.9999982714653015]], "t": [-2.8800065517425537, -2.07497501373291, -1.9978200197219849], "s": [5.301865100860596, 3.751190662384033, 3.770953893661499]}, "67d702f2e8": {"R": [[0.999990701675415, -0.004267933778464794, -0.0006218627677299082], [0.004268915392458439, 0.9999896287918091, 0.0015862853033468127], [0.0006150861154310405, -0.0015889252535998821, 0.9999985694885254]], "t": [-3.1160690784454346, -1.6537041664123535, -1.965132713317871], "s": [5.2341485023498535, 2.9919207096099854, 3.7738850116729736]}, "2970e95b65": {"R": [[0.9998634457588196, -0.01652568019926548, -8.557196269975975e-05], [0.01652558520436287, 0.9998629689216614, -0.001004375284537673], [0.00010215821384917945, 0.0010028239339590073, 0.9999995231628418]], "t": [-4.786706924438477, -3.311443328857422, -1.867409586906433], "s": [9.436976432800293, 5.619966506958008, 3.4261958599090576]}, "7079b59642": {"R": [[0.9991534948348999, 0.041137561202049255, 0.00019420633907429874], [-0.04113727807998657, 0.999152660369873, -0.0012966907816007733], [-0.0002473844797350466, 0.0012876041000708938, 0.9999991655349731]], "t": [-3.136845588684082, -1.7947959899902344, -1.6715551614761353], "s": [5.86473274230957, 3.4771664142608643, 3.121650218963623]}, "b1d75ecd55": {"R": [[0.9981958270072937, 0.060033801943063736, 0.0009990381076931953], [-0.06003521755337715, 0.9981951713562012, 0.0014579757116734982], [-0.0009097072179429233, -0.0015153228305280209, 0.9999984502792358]], "t": [-1.9456640481948853, -1.23906672000885, -1.788305401802063], "s": [3.315133810043335, 2.235417604446411, 3.430377960205078]}, "394a542a19": {"R": [[0.9999886751174927, -0.0043299258686602116, 0.0019794045947492123], [0.004329437389969826, 0.9999906420707703, 0.00025105237727984786], [-0.00198047305457294, -0.00024247982946690172, 0.9999980330467224]], "t": [-2.7886300086975098, -1.8069310188293457, -1.9749300479888916], "s": [5.230124473571777, 3.3831374645233154, 3.7844529151916504]}, "9f139a318d": {"R": [[0.9995278716087341, 0.03069089539349079, 0.0014349214034155011], [-0.0306911189109087, 0.9995288848876953, 0.00013408283120952547], [-0.0014301303308457136, -0.00017805889365263283, 0.9999989867210388]], "t": [-2.7981650829315186, -1.7999117374420166, -1.9498701095581055], "s": [5.291213035583496, 3.3654444217681885, 3.7799429893493652]}, "55b2bf8036": {"R": [[0.9999417662620544, 0.010480940341949463, 0.00257757306098938], [-0.010477934964001179, 0.9999443888664246, -0.001176387188024819], [-0.0025897594168782234, 0.0011493110796436667, 0.9999960064888]], "t": [-2.754650831222534, -1.9673506021499634, -1.985672116279602], "s": [5.234856605529785, 3.6444153785705566, 3.775362491607666]}, "50809ea0d8": {"R": [[0.998302161693573, -0.05816300958395004, 0.003141148714348674], [0.05816833674907684, 0.9983054399490356, -0.0016324344323948026], [-0.0030408785678446293, 0.0018123784102499485, 0.9999938011169434]], "t": [-2.620181083679199, -2.380138635635376, -1.9782204627990723], "s": [5.077043533325195, 4.016361713409424, 3.8008744716644287]}, "bc400d86e1": {"R": [[0.9661394953727722, -0.25801870226860046, -0.0009489640942774713], [0.2580203413963318, 0.96613609790802, 0.0025516801979392767], [0.0002584471949376166, -0.002710130997002125, 0.9999963045120239]], "t": [-1.7524038553237915, -2.9942386150360107, -2.050630569458008], "s": [4.041848659515381, 3.7428150177001953, 3.8236310482025146]}, "251443268c": {"R": [[0.9999694228172302, -0.007801101543009281, -0.0005585335311479867], [0.007801611442118883, 0.9999691247940063, 0.0009160501067526639], [0.0005513701471500099, -0.0009203795925714076, 0.999999463558197]], "t": [-2.467402219772339, -1.319471836090088, -1.418399691581726], "s": [4.792803764343262, 2.2300572395324707, 2.756660223007202]}, "c545851c4f": {"R": [[0.9997100830078125, 0.02406480722129345, 0.0007858336321078241], [-0.024065056815743446, 0.9997103214263916, 0.0003097580629400909], [-0.000778151792474091, -0.0003285794227849692, 0.9999996423721313]], "t": [-3.7498676776885986, -2.7276253700256348, -1.7979905605316162], "s": [7.055881023406982, 4.490128040313721, 3.4592137336730957]}, "b5918e4637": {"R": [[0.9717767834663391, 0.23588095605373383, -0.0031951949931681156], [-0.2358875423669815, 0.9717786312103271, -0.0018653522711247206], [0.0026650207582861185, 0.0025664125569164753, 0.9999932050704956]], "t": [-3.280358076095581, -1.6745792627334595, -1.4519964456558228], "s": [4.880248069763184, 3.6252999305725098, 2.774087429046631]}, "75d29d69b8": {"R": [[0.9997168183326721, 0.023767447099089622, -0.0011715941363945603], [-0.023767881095409393, 0.9997174143791199, -0.0003572239656932652], [0.0011627727653831244, 0.00038496911292895675, 0.9999992847442627]], "t": [-2.6015145778656006, -1.1602840423583984, -1.368233561515808], "s": [4.969590187072754, 2.2564713954925537, 2.6251273155212402]}, "d6d9ddb03f": {"R": [[0.9936572909355164, 0.11229245364665985, -0.005967850796878338], [-0.112293541431427, 0.9936751127243042, 0.000152827866259031], [0.005947265774011612, 0.0005182925378903747, 0.9999821782112122]], "t": [-2.7817325592041016, -1.6391812562942505, -1.4517755508422852], "s": [4.844826698303223, 3.6300816535949707, 2.774350643157959]}, "f5401524e5": {"R": [[0.9978446960449219, -0.06557726860046387, -0.0023689682129770517], [0.06558050960302353, 0.9978464245796204, 0.00131816731300205], [0.0022774245589971542, -0.001470684539526701, 0.9999963641166687]], "t": [-1.705326795578003, -1.2149778604507446, -1.3699361085891724], "s": [2.8911054134368896, 1.863429307937622, 2.680954694747925]}, "c24f94007b": {"R": [[0.9999988675117493, -0.0011807115515694022, -0.0008904769201762974], [0.0011829305440187454, 0.9999961853027344, 0.0024955938570201397], [0.0008875269559212029, -0.0024966446217149496, 0.9999964833259583]], "t": [-2.524470806121826, -1.8977031707763672, -1.4245189428329468], "s": [4.982261657714844, 3.559157609939575, 2.780627965927124]}, "e01b287af5": {"R": [[0.9614008069038391, 0.2751292288303375, 0.003529402893036604], [-0.2751411497592926, 0.9613974690437317, 0.00350115611217916], [-0.0024298885837197304, -0.004337098449468613, 0.9999876618385315]], "t": [-1.5667105913162231, -0.7617279291152954, -1.2222118377685547], "s": [2.1847972869873047, 1.684035062789917, 2.4118165969848633]}, "fb05e13ad1": {"R": [[0.9976137280464172, -0.06903471797704697, -0.0010074136080220342], [0.06903520971536636, 0.9976141452789307, 0.0004634242213796824], [0.0009730176534503698, -0.000531865400262177, 0.9999994039535522]], "t": [-2.441126823425293, -1.6802788972854614, -1.4255179166793823], "s": [4.93730354309082, 2.3245739936828613, 2.6838150024414062]}, "303745abc7": {"R": [[0.9977768659591675, 0.0666051059961319, -0.002248764503747225], [-0.06660167127847672, 0.9977783560752869, 0.001568339066579938], [0.0023482281249016523, -0.001415081089362502, 0.9999962449073792]], "t": [-2.5909688472747803, -1.1068847179412842, -1.453302264213562], "s": [4.871089935302734, 2.3889362812042236, 2.779165744781494]}, "9859de300f": {"R": [[0.8627793788909912, -0.5055528879165649, 0.005292551126331091], [0.5055751800537109, 0.8627714514732361, -0.00438905693590641], [-0.0023473610635846853, 0.006462570279836655, 0.999976396560669]], "t": [-0.7645317316055298, -1.765256404876709, -1.2312846183776855], "s": [2.606018304824829, 1.67832350730896, 2.3819093704223633]}, "3e928dc2f6": {"R": [[0.9919471144676208, -0.1266518235206604, -0.0005170878721401095], [0.12665192782878876, 0.9919472336769104, 0.00018151456606574357], [0.000489934696815908, -0.00024554302217438817, 0.9999998807907104]], "t": [-1.154084324836731, -1.1862950325012207, -1.169960618019104], "s": [2.3794779777526855, 1.6793876886367798, 2.3032898902893066]}, "bc03d88fc3": {"R": [[0.9999291300773621, 0.011833996511995792, -0.001306482357904315], [-0.011833994649350643, 0.9999299645423889, 9.080966265173629e-06], [0.0013064983068034053, 6.380582817655522e-06, 0.9999991655349731]], "t": [-2.6095948219299316, -2.0187501907348633, -1.5349942445755005], "s": [4.8606438636779785, 3.5881028175354004, 2.783735752105713]}, "9f21bdec45": {"R": [[0.9976313710212708, -0.06877715140581131, 0.0011829995783045888], [0.06877903640270233, 0.9976305961608887, -0.0016334049869328737], [-0.001067855628207326, 0.0017109016189351678, 0.9999980330467224]], "t": [-1.5713629722595215, -1.157621145248413, -3.1040587425231934], "s": [2.8947482109069824, 1.8627768754959106, 6.067175388336182]}, "4ea827f5a1": {"R": [[0.9968529343605042, -0.07926463335752487, -0.001173801370896399], [0.07926324009895325, 0.9968529939651489, -0.0011878755176439881], [0.0012642639921978116, 0.0010910979472100735, 0.9999986290931702]], "t": [-1.166892170906067, -1.2620121240615845, -1.1382203102111816], "s": [2.3916866779327393, 1.6862868070602417, 2.180464506149292]}, "bf6e439e38": {"R": [[0.9955523014068604, 0.09414100646972656, -0.0036246655508875847], [-0.09413433074951172, 0.9955575466156006, 0.00197067903354764], [0.003794084768742323, -0.0016207086155191064, 0.9999914765357971]], "t": [-2.8005518913269043, -1.6425236463546753, -1.4141749143600464], "s": [4.870909214019775, 3.5106873512268066, 2.7743351459503174]}, "ebc200e928": {"R": [[0.9999989867210388, 0.0003212188312318176, 0.0013794978149235249], [-0.00032143271528184414, 0.9999999403953552, 0.00015483610332012177], [-0.001379447989165783, -0.00015527936920989305, 0.9999990463256836]], "t": [-1.2986525297164917, -0.9102423191070557, -1.107136607170105], "s": [2.3976590633392334, 1.6865860223770142, 2.199077606201172]}, "419cbe7c11": {"R": [[0.9977178573608398, -0.06745978444814682, -0.002866031602025032], [0.06745805591344833, 0.9977218508720398, -0.0006967195658944547], [0.0029065029229968786, 0.0005017926450818777, 0.9999956488609314]], "t": [-2.447665214538574, -2.2736620903015137, -1.480175495147705], "s": [4.85302209854126, 3.6305904388427734, 2.7756009101867676]}, "1c4b893630": {"R": [[0.9748818874359131, -0.22271785140037537, 0.0014361335197463632], [0.22271890938282013, 0.9748824834823608, -0.0006243902025744319], [-0.001260998542420566, 0.0009285607957281172, 0.9999988079071045]], "t": [-1.5299431085586548, -2.0358972549438477, -1.454820156097412], "s": [3.3564369678497314, 2.5893189907073975, 2.7853987216949463]}, "1841a0b525": {"R": [[0.9996834397315979, 0.025156335905194283, -0.0004180419200565666], [-0.02515582926571369, 0.9996829032897949, 0.0011720032198354602], [0.0004473926092032343, -0.0011611159425228834, 0.9999992251396179]], "t": [-3.3715014457702637, -1.6221421957015991, -1.4043629169464111], "s": [6.395081520080566, 3.052351713180542, 2.5016438961029053]}, "c413b34238": {"R": [[0.9985509514808655, -0.05381125956773758, 0.0005608623032458127], [0.05381164327263832, 0.9985508322715759, -0.0006965594366192818], [-0.0005225667846389115, 0.0007257310790009797, 0.9999996423721313]], "t": [-2.7881898880004883, -1.7349497079849243, -1.325601577758789], "s": [5.304174423217773, 2.921264171600342, 2.5121843814849854]}, "49a82360aa": {"R": [[0.9996307492256165, 0.027135254815220833, -0.0014089165488258004], [-0.02713513746857643, 0.9996317625045776, 0.00010169636516366154], [0.0014111573109403253, -6.342766573652625e-05, 0.9999989867210388]], "t": [-4.023144245147705, -2.1675355434417725, -1.2652926445007324], "s": [7.7117791175842285, 3.748312473297119, 2.4468917846679688]}, "0cf2e9402d": {"R": [[0.999991774559021, 0.003949836827814579, -0.0009048166684806347], [-0.003949747420847416, 0.9999921917915344, 0.00010034155275207013], [0.000905205903109163, -9.676693298388273e-05, 0.9999995827674866]], "t": [-2.435626983642578, -1.4565263986587524, -1.2842737436294556], "s": [4.146308898925781, 2.3489325046539307, 2.4595272541046143]}, "709ab5bffe": {"R": [[0.9858126640319824, -0.16782400012016296, -0.002911246381700039], [0.16781596839427948, 0.9858143329620361, -0.002817671513184905], [0.003342821029946208, 0.00228914269246161, 0.999991774559021]], "t": [-1.284764051437378, -1.429917335510254, -1.2401067018508911], "s": [2.571868419647217, 1.9831604957580566, 2.435105800628662]}, "6b40d1a939": {"R": [[0.9968187808990479, 0.07969971746206284, -0.000570722681004554], [-0.0796993300318718, 0.9968187212944031, 0.0006711267633363605], [0.000622395658865571, -0.0006235055043362081, 0.9999996423721313]], "t": [-2.630812406539917, -1.8791661262512207, -1.3471357822418213], "s": [4.633591651916504, 3.6910223960876465, 2.4347784519195557]}, "e9e16b6043": {"R": [[0.9757715463638306, 0.21878258883953094, 0.0020299237221479416], [-0.21878105401992798, 0.9757735133171082, -0.0009541579056531191], [-0.0021894988603889942, 0.00048693123972043395, 0.9999974966049194]], "t": [-2.394719362258911, -1.3415837287902832, -1.30269455909729], "s": [3.3818068504333496, 3.5689804553985596, 2.4210901260375977]}, "b26e64c4b0": {"R": [[0.9971318244934082, 0.07565710693597794, -0.002011714270338416], [-0.07565